D1-D4-D4c-D2-D1c-D17d-D1r	1442884	0.0	0.0005150191997000898	0.0004407611420910286	0.0006276378777166849	0.0008500345507133462	0.0008288415890908747	0.0003911389846189264	0.0007660099402779166	0.0012541245743776862	0.0005010963060076649	0.00014147347090019043	0.0013851144884911236	0.0007145490017894632	0.0022548063634264806	0.0031951825878436474	0.0014766113362535424	0.001381504204508647	0.0011627714506547884	0.0019594488371888433
D1-D4-D4c-D1c-D1k-D2	1442416	0.0005150191997000898	0.0	0.0002726567816293893	0.00032976295041487553	0.0005521788244098856	0.0005563751644402491	0.0007173350254886372	0.00047131698350494854	0.001086084545726282	0.0003241027127884954	0.0005483309262011486	0.001217086808364716	0.000510323068629411	0.0026400416491807544	0.003580417873597921	0.0014308421825396564	0.0011529203617214835	0.0009253197736578877	0.0016616057003498953
D1/D4/D2-D4c-D1c	1442420	0.0004407611420910286	0.0002726567816293893	0.0	0.00038516741183637203	0.0006075640848330333	0.0005863711232105618	0.0007299795347159596	0.0005235394743976036	0.0008135110276801053	8.928512506059962e-05	0.0003234675982603479	0.0009444407601679663	0.00027960934406973353	0.0026955587251082406	0.0036359349495254075	0.0014863592584671431	0.0011332936526929332	0.000777078028534293	0.0017170016759548092
D1-D4-D4c-D1c-D6	1442463	0.0006276378777166849	0.00032976295041487553	0.00038516741183637203	0.0	0.00032658184903133937	0.00029684358092253754	0.0007012548747350947	0.0004551589092072379	0.0011986598367589721	0.00043661897209048086	0.0006608794779250976	0.0013295863698867053	0.0006228059873737877	0.0025637284299536186	0.0035040984704188746	0.001354581059597451	0.0012049300451564531	0.0009091756268755835	0.0015850927552334302
D1-D4-D6-D4c-D4f	1442471	0.0008500345507133462	0.0005521788244098856	0.0006075640848330333	0.00032658184903133937	0.0	0.00014508223703280332	0.0008263649364375227	0.0005825684461591796	0.001420991729189803	0.0006590110539628319	0.0008832735579184161	0.0015519182623175364	0.000845202460430431	0.0028807882645293372	0.003821033954166134	0.0016716850520402517	0.0011499245075765991	0.001235466774395121	0.001902069725634873
D1-D4-D6-D4c-D4f-D1h	1444023	0.0008288415890908747	0.0005563751644402491	0.0005863711232105618	0.00029684358092253754	0.00014508223703280332	0.0	0.0007449921095261896	0.0005210234139786183	0.0013997987675673316	0.0006377878909036384	0.0008620805962959448	0.001530725300695065	0.0008240094988079595	0.0027976268192395634	0.0037665721101542843	0.0016171768889144344	0.001150026465145827	0.0011501277461025128	0.001817371398790484
D1-D4-D4c-D4f-D1c-D17d	1444025	0.0003911389846189264	0.0007173350254886372	0.0007299795347159596	0.0007012548747350947	0.0008263649364375227	0.0007449921095261896	0.0	0.00040904624467353934	0.0015434095781131133	0.0007814264903338664	0.00041842213711547983	0.0016743738961268924	0.0009676179103133574	0.0021671930539111273	0.0031075151498547457	0.0014987089205317874	0.0014516802179147198	0.0010225087491707455	0.0018016267937624956
D1-D4-D4c-D1c-D4f	1442511	0.0007660099402779166	0.00047131698350494854	0.0005235394743976036	0.0004551589092072379	0.0005825684461591796	0.0005210234139786183	0.00040904624467353934	0.0	0.0013370348984204738	0.0005749940337519824	0.0007992545395865993	0.001467961431548207	0.0007611778499950015	0.002426180677288374	0.0033117627455363395	0.0014029508729903222	0.0012079450883434968	0.000653371357353001	0.001392637066340098
D1-D4-D4c-D2-D1ox	1443023	0.0012541245743776862	0.001086084545726282	0.0008135110276801053	0.0011986598367589721	0.001420991729189803	0.0013997987675673316	0.0015434095781131133	0.0013370348984204738	0.0	0.0007620820481950807	0.0011250110367582895	0.0008934005944636876	0.000862488444626612	0.0035087435284197857	0.004448952668569429	0.0022996034708186704	0.0014715989997200838	0.0015905056728910633	0.002530272055853244
D1/D4-D4c-D2-D1c-D1h	1442603	0.0005010963060076649	0.0003241027127884954	8.928512506059962e-05	0.00043661897209048086	0.0006590110539628319	0.0006377878909036384	0.0007814264903338664	0.0005749940337519824	0.0007620820481950807	0.0	0.0003895201962196905	0.0008930252791028101	0.0002389643442048044	0.002746976388765796	0.0036873418245948497	0.0015377787284986005	0.0011993768184691404	0.0008285249841521998	0.0017684634023890445
D1-D4-D4c-D2-D1c-D17d	1442640	0.00014147347090019043	0.0005483309262011486	0.0003234675982603479	0.0006608794779250976	0.0008832735579184161	0.0008620805962959448	0.00041842213711547983	0.0007992545395865993	0.0011250110367582895	0.0003895201962196905	0.0	0.0012559737626474704	0.0006029565798785289	0.002383964913501207	0.0033243323609631207	0.0016180521585509489	0.0013972155006033511	0.001052787501619676	0.0019927203472005603
D1-D4-D4c-D2-D1ip	1442671	0.0013851144884911236	0.001217086808364716	0.0009444407601679663	0.0013295863698867053	0.0015519182623175364	0.001530725300695065	0.0016743738961268924	0.001467961431548207	0.0008934005944636876	0.0008930252791028101	0.0012559737626474704	0.0	0.0007067917790939432	0.0036397580351554366	0.00457996717530508	0.0024306179775543213	0.001632197641190777	0.0017214322060187962	0.0026612732699560085
D1-D4-D4c-D2-D1c-D1ip	1442672	0.0007145490017894632	0.000510323068629411	0.00027960934406973353	0.0006228059873737877	0.000845202460430431	0.0008240094988079595	0.0009676179103133574	0.0007611778499950015	0.000862488444626612	0.0002389643442048044	0.0006029565798785289	0.0007067917790939432	0.0	0.002933121075222941	0.0038734972996401083	0.0017239469534773755	0.0014128824114165751	0.0010147164041316907	0.0019546131479856042
D1-D4-D4c-D17d-D1c-D1r-D17c-D17e-D17j	1443229	0.0022548063634264806	0.0026400416491807544	0.0026955587251082406	0.0025637284299536186	0.0028807882645293372	0.0027976268192395634	0.0021671930539111273	0.002426180677288374	0.0035087435284197857	0.002746976388765796	0.002383964913501207	0.0036397580351554366	0.002933121075222941	0.0	0.00099777187557873	0.0025351003630425368	0.003389600766378683	0.0028803456215488626	0.0034301157538430783
D1/D4/D17e-D17d-D4c-D1r-D17c-D17j	1442741	0.0031951825878436474	0.003580417873597921	0.0036359349495254075	0.0035040984704188746	0.003821033954166134	0.0037665721101542843	0.0031075151498547457	0.0033117627455363395	0.004448952668569429	0.0036873418245948497	0.0033243323609631207	0.00457996717530508	0.0038734972996401083	0.00099777187557873	0.0	0.0034755586030670326	0.004387372641957413	0.0036659532497116325	0.004273106031790463
D1-D4-D1hg-D4c-D1c-D5ad-D1ju	1443262	0.0014766113362535424	0.0014308421825396564	0.0014863592584671431	0.001354581059597451	0.0016716850520402517	0.0016171768889144344	0.0014987089205317874	0.0014029508729903222	0.0022996034708186704	0.0015377787284986005	0.0016180521585509489	0.0024306179775543213	0.0017239469534773755	0.0025351003630425368	0.0034755586030670326	0.0	0.0022377149352918197	0.0018570240645372764	0.0024642355786485405
D1-D4-D4f-D1c	1442784	0.001381504204508647	0.0011529203617214835	0.0011332936526929332	0.0012049300451564531	0.0011499245075765991	0.001150026465145827	0.0014516802179147198	0.0012079450883434968	0.0014715989997200838	0.0011993768184691404	0.0013972155006033511	0.001632197641190777	0.0014128824114165751	0.003389600766378683	0.004387372641957413	0.0022377149352918197	0.0	0.0018609101187043735	0.0016479125821153655
D1-D4-D1n-D4c	1442802	0.0011627714506547884	0.0009253197736578877	0.000777078028534293	0.0009091756268755835	0.001235466774395121	0.0011501277461025128	0.0010225087491707455	0.000653371357353001	0.0015905056728910633	0.0008285249841521998	0.001052787501619676	0.0017214322060187962	0.0010147164041316907	0.0028803456215488626	0.0036659532497116325	0.0018570240645372764	0.0018609101187043735	0.0	0.00159136100574885
D1c	1443434	0.0019594488371888433	0.0016616057003498953	0.0017170016759548092	0.0015850927552334302	0.001902069725634873	0.001817371398790484	0.0018016267937624956	0.001392637066340098	0.002530272055853244	0.0017684634023890445	0.0019927203472005603	0.0026612732699560085	0.0019546131479856042	0.0034301157538430783	0.004273106031790463	0.0024642355786485405	0.0016479125821153655	0.00159136100574885	0.0
