D1-D4-D4c-D2-D1c-D17d-D1r	1442884	0	0.9619107617847643	0.055753048643297484	0.03373898783036509	0.10217693469195924	0.19010834620788272	0.19230826921057764	0.11317103901363453	0.13971011014614487	0.17477888273910414	0.05046323378681746	0.03144905652830415	0.13745018924337649	0.04635337763178289	0.1244406445774398	0.18226270949162032	0.11396101136460224	0.13960581182564524	0.1773046808595742
D1c	1443434	0.9619107617847643	0	0.9615605765913511	0.958320416795832	0.967670323296767	1.0	1.0	0.9799803002954955	0.9661805072923906	1.0	0.9699704504432434	0.9689103108968911	1.0	0.9620705689414659	0.9645605315920261	1.0	0.9636605450918236	0.952260477395226	1.0
D1-D4-D4c-D1c-D1k-D2	1442416	0.055753048643297484	0.9615605765913511	0	0.037344066398340044	0.08585285367865804	0.1737847864564063	0.17598472045838626	0.11704648860534184	0.12362629121126366	0.18739437816865495	0.04300870973870784	0.06398340041498962	0.16036518904432867	0.0705378838634841	0.15600531984040478	0.2138275160369387	0.11395658130256092	0.11136221594460138	0.1648108797280068
D1/D4/D2-D4c-D1c	1442420	0.03373898783036509	0.958320416795832	0.037344066398340044	0	0.08695826083478331	0.17489062773430664	0.1770905727356816	0.11548211294717632	0.12449188770280743	0.16202094947626308	0.027374315642108946	0.03285934281314374	0.12626184345391364	0.036434089147771305	0.1560010999725007	0.21382358529244122	0.1139521511962201	0.11795764084718306	0.15307693846123077
D1-D4-D4c-D1c-D6	1442463	0.10217693469195924	0.967670323296767	0.08585285367865804	0.08695826083478331	0	0.087932801679958	0.09013274668133296	0.06707332316692083	0.07514312142196446	0.23962900927476813	0.09335266618334542	0.09422811543769125	0.20229994250143746	0.10417239569010775	0.1591110222244444	0.21382358529244122	0.1305417364565886	0.13356732865342694	0.11483770324593508
D1-D4-D6-D4c-D4f	1442471	0.19010834620788272	1.0	0.1737847864564063	0.17489062773430664	0.087932801679958	0	0.020969370918872434	0.07828765137045889	0.07525774226773196	0.295231143065708	0.17898463046108617	0.18092047698807528	0.25790226293211205	0.19196424107276783	0.23545293641190765	0.23815666451674192	0.21790346289611312	0.1871403214919627	0.10403239919002025
D1-D4-D6-D4c-D4f-D1h	1444023	0.19230826921057764	1.0	0.17598472045838626	0.1770905727356816	0.09013274668133296	0.020969370918872434	0	0.08048758537243883	0.07680769576912692	0.29743107706768795	0.16614501564953052	0.18312042198945028	0.260102196934092	0.19416417507474776	0.2303330900072998	0.23665671701490448	0.21636350909472715	0.18454038649033774	0.1069523261918452
D1-D4-D4c-D4f-D1c-D17d	1444025	0.11317103901363453	0.9799803002954955	0.11704648860534184	0.11548211294717632	0.06707332316692083	0.07828765137045889	0.08048758537243883	0	0.042028739137825864	0.2558423247302581	0.11957641270761878	0.103462413439664	0.2185134445966621	0.13255602331930041	0.16424507264782057	0.19494817681381152	0.16557503274901753	0.14325141871453215	0.09239269018274543
D1-D4-D4c-D1c-D4f	1442511	0.13971011014614487	0.9661805072923906	0.12362629121126366	0.12449188770280743	0.07514312142196446	0.07525774226773196	0.07680769576912692	0.042028739137825864	0	0.2786516404507865	0.13237602871913842	0.13325166870828228	0.2413227603171905	0.14156575302740917	0.1897043088707339	0.2262270820521282	0.17215483535493936	0.15017124571885704	0.09482262943426414
D1-D4-D4c-D2-D1ox	1443023	0.17477888273910414	1.0	0.18739437816865495	0.16202094947626308	0.23962900927476813	0.295231143065708	0.29743107706768795	0.2558423247302581	0.2786516404507865	0	0.1668149955501335	0.1634509137271568	0.11835644930652081	0.15284541463756088	0.258542243732688	0.2746053888113916	0.23136305910822674	0.2514987125321867	0.27341816454588636
D1/D4-D4c-D2-D1c-D1h	1442603	0.05046323378681746	0.9699704504432434	0.04300870973870784	0.027374315642108946	0.09335266618334542	0.17898463046108617	0.16614501564953052	0.11957641270761878	0.13237602871913842	0.1668149955501335	0	0.04258393540161496	0.1378958631241063	0.05596832095037149	0.16141515754527364	0.2138275160369387	0.12026639200823976	0.12686182845428864	0.15717107072323191
D1-D4-D4c-D2-D1c-D17d	1442640	0.03144905652830415	0.9689103108968911	0.06398340041498962	0.03285934281314374	0.09422811543769125	0.18092047698807528	0.18312042198945028	0.103462413439664	0.13325166870828228	0.1634509137271568	0.04258393540161496	0	0.12612184695382617	0.03593410164745881	0.1423014424639384	0.1957741267761967	0.12957176070598236	0.14783704325913483	0.15910681786364272
D1-D4-D4c-D2-D1ip	1442671	0.13745018924337649	1.0	0.16036518904432867	0.12626184345391364	0.20229994250143746	0.25790226293211205	0.260102196934092	0.2185134445966621	0.2413227603171905	0.11835644930652081	0.1378958631241063	0.12612184695382617	0	0.1038668839934802	0.22121336359909202	0.23727669531566395	0.19403417897463077	0.24421889452763682	0.23608909777255568
D1-D4-D4c-D2-D1c-D1ip	1442672	0.04635337763178289	0.9620705689414659	0.0705378838634841	0.036434089147771305	0.10417239569010775	0.19196424107276783	0.19416417507474776	0.13255602331930041	0.14156575302740917	0.15284541463756088	0.05596832095037149	0.03593410164745881	0.1038668839934802	0	0.15600531984040478	0.2138275160369387	0.1266761997140086	0.15439114022149447	0.1701507462313442
D1-D4-D4c-D17d-D1c-D1r-D17c-D17e-D17j	1443229	0.1244406445774398	0.9645605315920261	0.15600531984040478	0.1560010999725007	0.1591110222244444	0.23545293641190765	0.2303330900072998	0.16424507264782057	0.1897043088707339	0.258542243732688	0.16141515754527364	0.1423014424639384	0.22121336359909202	0.15600531984040478	0	0.06144284950026749	0.15600531984040478	0.20392990175245618	0.23088922776930576
D1/D4/D17e-D17d-D4c-D1r-D17c-D17j	1442741	0.18226270949162032	1.0	0.2138275160369387	0.21382358529244122	0.21382358529244122	0.23815666451674192	0.23665671701490448	0.19494817681381152	0.2262270820521282	0.2746053888113916	0.2138275160369387	0.1957741267761967	0.23727669531566395	0.2138275160369387	0.06144284950026749	0	0.2138675146369877	0.2653720388388348	0.2335929922102337
D1-D4-D1hg-D4c-D1c-D5ad-D1ju	1443262	0.11396101136460224	0.9636605450918236	0.11395658130256092	0.1139521511962201	0.1305417364565886	0.21790346289611312	0.21636350909472715	0.16557503274901753	0.17215483535493936	0.23136305910822674	0.12026639200823976	0.12957176070598236	0.19403417897463077	0.1266761997140086	0.15600531984040478	0.2138675146369877	0	0.16546086347841304	0.2133396665083373
D1-D4-D4f-D1c	1442784	0.13960581182564524	0.952260477395226	0.11136221594460138	0.11795764084718306	0.13356732865342694	0.1871403214919627	0.18454038649033774	0.14325141871453215	0.15017124571885704	0.2514987125321867	0.12686182845428864	0.14783704325913483	0.24421889452763682	0.15439114022149447	0.20392990175245618	0.2653720388388348	0.16546086347841304	0	0.21636567268654627
D1-D4-D1n-D4c	1442802	0.1773046808595742	1.0	0.1648108797280068	0.15307693846123077	0.11483770324593508	0.10403239919002025	0.1069523261918452	0.09239269018274543	0.09482262943426414	0.27341816454588636	0.15717107072323191	0.15910681786364272	0.23608909777255568	0.1701507462313442	0.23088922776930576	0.2335929922102337	0.2133396665083373	0.21636567268654627	0
