R306	238936	0.0	0.003644364318771275	0.004547224085171115	0.0038257094308609325	0.004082081451410005	0.004049083031829111	0.004711417723713962	0.004461199620544572	0.003875362921647247	0.003856214381821316	0.008090063015054593	0.008552361726720083	0.007689848921867315	0.008048728882923515	0.008077076012597374	0.008049919395986834	0.008606030162630316	0.008201253546918261	0.008224284680782809	0.008377915988235448	0.008357276428670698	0.008039739139021047	0.0039040959943463264	0.0038862364745884236	0.003911389863924157	0.003896091993235883	0.00392230084894999	0.004309327797777699	0.003850621905627114	0.006227263941141777	0.005015680976531659	0.004168964075708872	0.0033485127478292053	0.0033516709201698446	0.00397516165064125	0.002908739498524692	0.008832753511161869	0.008533840995261771	0.008511154759207412	0.0039952723827447086	0.006545253441146603	0.003776575766545206	0.003018569952510508	0.003757916559994298	0.003999426961890155	0.0020508848703190553	0.0040846250568099185	0.0047860618318666314	0.004816105319183149	0.008672720414331968	0.008335438847690476
26_OFAV_007	239030	0.003644364318771275	0.0	0.0009034549723434061	0.00032540319102900516	0.0005342853862697677	0.0005190570551230736	0.0011506068049515455	0.0008777903502809928	0.00032753541183010723	0.00030847994521505023	0.004543909957461974	0.005006208669127465	0.004467609453439874	0.004502666687133234	0.004530922955004755	0.004503766338394216	0.005382911140885538	0.004655100489325643	0.004678131623190191	0.004831762930642829	0.0048111233710780785	0.004493586081428429	0.0002600495761767604	0.00030404043351667264	0.0003087438432026563	0.00029439766980086815	0.00034232240868740894	0.0007738532416700558	0.00030358215125283973	0.0029683905669965023	0.001553766990187068	0.0005397763132531698	0.00035433340125820415	0.00032474129586011085	0.0005265651987792675	0.0007508798059169425	0.005286600453569249	0.004987687937669152	0.004965001701614792	0.0017608038739839438	0.00299841548465079	0.0003901848351130006	0.0006974010823465549	0.0004433259553009755	0.0005530613386210095	0.0016273562237795701	0.0005369216207196091	0.0012467217901134871	0.0015651231125921533	0.005448762559162499	0.004789285790097858
37_OFAV_001	239041	0.004547224085171115	0.0009034549723434061	0.0	0.0007218899079047129	0.0006173059355739338	0.0005695890746748052	0.00031265509920012555	0.00010021442335941762	0.0007239326154471635	0.0007019283758805403	0.004937002256721529	0.005399300968387021	0.004860494820960385	0.004895696590215082	0.00492401525426431	0.0048968586376537705	0.005775691604223542	0.005048192788585199	0.0050712239224497465	0.005224855229902384	0.005204215670337633	0.004886678380687984	0.0006531711687596092	0.0006973944527133528	0.0007022381554840869	0.0006904887230259285	0.0007355209215642275	0.0002437841593411671	0.0006999916629362921	0.0021305199672109086	0.0007127050375266778	0.00039194853836908015	0.0012543529792733831	0.0012247757512153115	0.00091997230558335	0.001651042459649252	0.005679692752828805	0.005380780236928708	0.005358094000874348	0.0015048996863314804	0.002157263091654993	0.000783481838747266	0.0015974949546353544	0.0008381405767650176	0.0006351718790396349	0.0025005729470638847	0.0007092561680950241	0.0016398534451253647	0.0019583148681700897	0.005841854858422054	0.0051823780893574135
37_OFAV_002	239042	0.0038257094308609325	0.00032540319102900516	0.0007218899079047129	0.0	0.0002988563427205428	0.00022568833153832054	0.0009035042343972249	0.000642358705371324	9.211259766906763e-05	7.307390178071229e-05	0.004308502981094926	0.004770801692760418	0.004231801302860366	0.004267210326688613	0.004295515978637708	0.004268359362027169	0.00514717982240217	0.004419693512958596	0.004442724646823144	0.004596355954275782	0.004575716394711032	0.004258179105061382	7.847628413365347e-05	6.860978640456182e-05	8.574205771308524e-05	0.00010087322361944778	9.869799953393245e-05	0.0005271247116546616	6.733837128625039e-05	0.0026430544742897157	0.0012940592519685898	0.000569672264015606	0.0006253404310328965	0.0006008022241171312	0.00026666845415495194	0.00102216537354502	0.005051193477202201	0.004752280961302105	0.004729594725247746	0.0019423931343980892	0.0027628494547771417	7.647511973789515e-05	0.0009686224048119247	0.00012937088279975622	0.0002931629281712682	0.0018873176844243743	0.0003014931706039675	0.001010685776404836	0.001251123461978586	0.005213355582795452	0.004553878813730811
38_OFAV_004	239051	0.004082081451410005	0.0005342853862697677	0.0006173059355739338	0.0002988563427205428	0.0	0.00010562892575782378	0.0008422010059621313	0.0005483061100650323	0.0002551896588130379	0.00022607207196153586	0.0044035881395347596	0.004865886851200252	0.004328618236769756	0.004362631415290339	0.004390623248366596	0.00436355065161359	0.005243453005861826	0.00451477867139843	0.004537878785879712	0.004691441112715616	0.004670853291161011	0.004353297417211043	0.00027774588681392007	0.0002303702236707789	0.00022556275148746634	0.0003213424276363951	0.00035153964381013075	0.0004206241907786666	0.0002315728024112055	0.002619020898084333	0.001281079757750226	0.00048237085250438125	0.0007831791407355323	0.0008430977087255715	0.0005435714263269888	0.001174330070497314	0.005146278635642036	0.004847366119741939	0.004824679883687579	0.0019174630425739096	0.0025780604905355853	0.00030620822647767855	0.0010642326068901879	0.0003728134133966982	0.00029866396673179207	0.0020608942705558873	0.00027702452084396524	0.0011081925515535385	0.0014288764652218072	0.005308440741235286	0.004648963972170645
38_OFAV_020a	239052	0.004049083031829111	0.0005190570551230736	0.0005695890746748052	0.00022568833153832054	0.00010562892575782378	0.0	0.0007955707093792901	0.000507879655035024	0.0002833745630609777	0.0002545545334353091	0.0044792766417025166	0.004941575353368009	0.004402746787286373	0.0044379686206233275	0.004466289639245298	0.004439133022634759	0.005317960061808092	0.0045904671735661874	0.004613498307430735	0.004767129614883373	0.004746490055318623	0.004428952765668973	0.0002628998135655521	0.00023944410377435725	0.00025884728487068215	0.00030621691277304974	0.0002785180603012381	0.0004169311104228764	0.0002593630626719181	0.002553632059216112	0.001175662109388365	0.0004359551427414232	0.0008107400168667255	0.0007790808348579966	0.0004703721542425453	0.0012029007139447885	0.005221967137809792	0.004923054621909696	0.004900368385855336	0.0018526633701701541	0.0026208020288272967	0.0002739376953734744	0.001139625622620719	0.0003398212052865574	0.00019313185974060039	0.002059253922286897	0.0003387662539295353	0.0011818564477499938	0.0014427543490840486	0.005384129243403043	0.004724652474338401
4_OFAV_007	239065	0.004711417723713962	0.0011506068049515455	0.00031265509920012555	0.0009035042343972249	0.0008422010059621313	0.0007955707093792901	0.0	0.0002952504676320807	0.0009159598516015273	0.0008967070791880269	0.005131697427189478	0.00559399613885497	0.00505483800564461	0.005090363295058403	0.005118710424732259	0.005091553808121721	0.005970126650345147	0.005242887959053148	0.005265919092917695	0.005419550400370334	0.005398910840805583	0.0050813735511559335	0.000903617190036438	0.0008924304833597816	0.0009098944654992694	0.0009093971797943238	0.000985370395016779	0.000423392904177207	0.0008911412498214496	0.001819348416365586	0.000486850544354374	0.0006270131186475894	0.0014492690232934106	0.0014744348138012752	0.0011694942082666666	0.001845763480479331	0.005874387923296753	0.005575475407396657	0.005552789171342297	0.0012261833850096154	0.0018766490433887526	0.0009794369872246267	0.0017923008893884445	0.0010320119393352205	0.0008832534126363219	0.002694288429263823	0.0009043096213155737	0.0018339408006883971	0.002153721271015539	0.006036550028890003	0.005377073259825363
43_OFAV_011	239071	0.004461199620544572	0.0008777903502809928	0.00010021442335941762	0.000642358705371324	0.0005483061100650323	0.000507879655035024	0.0002952504676320807	0.0	0.0006353421824234344	0.0006061981796711929	0.00483687112427713	0.005299169835942622	0.004762903278223294	0.004795976380843114	0.004823904855840332	0.004796832384002674	0.005676640008933361	0.0049480616561408	0.004971160393353449	0.005124724097457986	0.005104133698034448	0.00478657902468478	0.0006209713273135576	0.0005987237338816986	0.0006235364880144132	0.0006647888348384635	0.0007003105692724965	0.00015367199612864246	0.0006117682510055026	0.0021078584220977164	0.0007409136194808944	0.0003400624825510174	0.0011633353082548237	0.0011895941851936414	0.0008870491876434104	0.0015537032817378618	0.005579561620384406	0.005280649104484309	0.005257962868429949	0.0014338068901594539	0.0021211392109234976	0.0006865011236241267	0.0014988866249942977	0.0007521250792796397	0.0006098058791069315	0.0024414359027478557	0.0006092073939678717	0.0015425492063728466	0.0018624401782174832	0.005741723725977656	0.0050822469569130144
6_OFAV_001	239077	0.003875362921647247	0.00032753541183010723	0.0007239326154471635	9.211259766906763e-05	0.0002551896588130379	0.0002833745630609777	0.0009159598516015273	0.0006353421824234344	0.0	2.9534400150060018e-05	0.004264804372301409	0.004727103083966901	0.004189287839760837	0.004223793360049955	0.004251817369844191	0.004224742112558734	0.005104421244888568	0.004375994904165079	0.004399070246824856	0.004552657345482264	0.004532023157875667	0.004214488878156187	8.039205863345337e-05	6.016846484593838e-05	8.612066430572228e-05	0.00011483579265706282	0.00016295166291154705	0.0004949327899359743	2.5017611118034007e-05	0.0026927503820428174	0.0013744685377114338	0.0005708873176070426	0.0005824788438599397	0.000652208673973336	0.0003474086242965147	0.0009786502959583773	0.005007494868408685	0.004708582352508588	0.0046858961164542275	0.0019914976798740274	0.0027196202304271477	0.00011425805450180071	0.0009251609573629452	0.0001676555614078888	0.0003739056935074027	0.0018852116702257728	0.0002578481987120728	0.0009687792227533753	0.001289434131236289	0.0051696569740019346	0.004510180204937294
ABE_OFAV_003	239085	0.003856214381821316	0.00030847994521505023	0.0007019283758805403	7.307390178071229e-05	0.00022607207196153586	0.0002545545334353091	0.0008967070791880269	0.0006061981796711929	2.9534400150060018e-05	0.0	0.004235574537497487	0.004697873249162979	0.004160334851451295	0.004194567472524945	0.0042225972686854895	0.0041955246719324844	0.005075233736195091	0.004346765069361158	0.004369852806198606	0.004523427510678343	0.004502816521571145	0.004185271437529937	5.208412072829131e-05	3.113243114245699e-05	5.7340148609443765e-05	9.570442489995999e-05	0.0001341438549463346	0.0004752698283613443	5.882918175401223e-06	0.0026735566241296517	0.0013455223121619556	0.0005414345027911163	0.000557490051853221	0.0006233368152717075	0.00031843262431690905	0.0009492475674502554	0.004978265033604762	0.004679352517704667	0.004656666281650307	0.00197205388739929	0.002690397944342714	8.48874725790316e-05	0.0008960960578531412	0.00014693792919654206	0.0003532439104641854	0.00186583071606245	0.00022874140346430978	0.000939792901334808	0.0012604612151798666	0.005140427139198013	0.004480950370133373
BDA_043	239118	0.008090063015054593	0.004543909957461974	0.004937002256721529	0.004308502981094926	0.0044035881395347596	0.0044792766417025166	0.005131697427189478	0.00483687112427713	0.004264804372301409	0.004235574537497487	0.0	0.0011999744186004077	0.002333652186400782	0.0006269645980898301	0.00040639874769094354	0.000183913928680736	0.002925463010474318	0.0005711956772276326	0.0008114373412169752	0.0010292699171793303	0.0009004557387415307	0.0005959594975156033	0.0042871561923594325	0.004239951217899648	0.0042352393750224974	0.0043309581098564314	0.004361179227969579	0.00470873770675519	0.0042412206158629236	0.006907542126012893	0.005570258924206945	0.004771537242849629	0.004792709153087161	0.00485267504931452	0.004553143379575241	0.005183008518272791	0.001520740152346643	0.001202147122350611	0.001223125417135514	0.006206313581068579	0.006863817148496595	0.00431527697830381	0.005073088980074839	0.004382377184827406	0.004588649580414654	0.006100650398331169	0.004401700723056901	0.005117157675793637	0.005437647808235765	0.00929055391578038	0.0010412005618805115
BDA_109	239176	0.008552361726720083	0.005006208669127465	0.005399300968387021	0.004770801692760418	0.004865886851200252	0.004941575353368009	0.00559399613885497	0.005299169835942622	0.004727103083966901	0.004697873249162979	0.0011999744186004077	0.0	0.0030417482390507956	0.0011390736336259278	0.0012065038355720146	0.0011953529892510314	0.0032130018061241024	0.0012067664687218495	0.0012792719555633032	0.0008834679035531976	0.0015196078899335334	0.0010441406843778268	0.0047494549040249245	0.00470224992956514	0.004697538086687989	0.004793256821521923	0.00482347793963507	0.005171036418420682	0.004703519327528416	0.007369840837678384	0.006032557635872437	0.00523383595451512	0.005255007864752652	0.005314973760980011	0.005015442091240733	0.005645307229938283	0.0013630163797954784	0.0016983794067260533	0.0017508211027126572	0.006668612292734071	0.007326115860162085	0.004777575689969301	0.005535328457336249	0.004844675896492896	0.005050948292080146	0.0065629491099966596	0.0048639994347223926	0.005579456387459128	0.005899946519901257	0.00975194661668902	0.0009224292872438917
BDA_130	239194	0.007689848921867315	0.004467609453439874	0.004860494820960385	0.004231801302860366	0.004328618236769756	0.004402746787286373	0.00505483800564461	0.004762903278223294	0.004189287839760837	0.004160334851451295	0.002333652186400782	0.0030417482390507956	0.0	0.0025023581366138735	0.0024432138160669008	0.0023119170910998743	0.0017728817514733404	0.0026668775436610526	0.0028829189325293107	0.0028870482877667632	0.0028761783419449798	0.002653973851147929	0.004211112895909079	0.00416453462048891	0.00415949716639149	0.004254274162466458	0.00428400369982674	0.004635343575370863	0.004165466466474609	0.006829676384180812	0.005492475191934467	0.0046965297065633405	0.004716583121998162	0.004775559395816485	0.004378228108736371	0.005108621891645989	0.003379089499888398	0.0031669891668674845	0.0031444841039833388	0.006129103252238351	0.006790295516820245	0.004239510877263407	0.004998289882772114	0.004304973161958334	0.004510854328868317	0.00602545806459055	0.004330877654238514	0.005039158683304995	0.005359606888834409	0.00832352136051359	0.002955807742747022
BDA_139	239202	0.008048728882923515	0.004502666687133234	0.004895696590215082	0.004267210326688613	0.004362631415290339	0.0044379686206233275	0.005090363295058403	0.004795976380843114	0.004223793360049955	0.004194567472524945	0.0006269645980898301	0.0011390736336259278	0.0025023581366138735	0.0	0.0004899343069786715	0.0005867810463835825	0.0027318342626400038	0.0007288779962440063	0.0007278687616266085	0.0009553044534126147	0.0009752203631558313	0.0005376234894966009	0.004245837642835072	0.004198894758469323	0.0041941315916626	0.004289623977725356	0.004319845095838503	0.004667852385360079	0.004199972662890891	0.006866207993881818	0.0055289247920758695	0.004730383279577767	0.004751432889405046	0.0048113409171834445	0.004511809247444166	0.0051419736919005405	0.0014692022585928552	0.001325812175489446	0.001406179880721854	0.0061649794489375045	0.006822511481990147	0.004273966668135192	0.00503232914578425	0.00434104305269633	0.004547315448283579	0.0060595725170566155	0.004360822871477393	0.005075823543662562	0.00539631367610469	0.009251896927824393	0.0009526610007656818
BDA_144	239205	0.008077076012597374	0.004530922955004755	0.00492401525426431	0.004295515978637708	0.004390623248366596	0.004466289639245298	0.005118710424732259	0.004823904855840332	0.004251817369844191	0.0042225972686854895	0.00040639874769094354	0.0012065038355720146	0.0024432138160669008	0.0004899343069786715	0.0	0.0003665886112150565	0.0029126778956698055	0.0006938647702532282	0.0007747845078830077	0.0010359109794014615	0.0008834639745306265	0.00048701223786358185	0.004274169189902214	0.004226964215442429	0.004222252372565278	0.004317971107399212	0.0043481922255123595	0.004695793489083649	0.004228233613405705	0.0068945551235556745	0.005557271921749726	0.004758550240392409	0.004779722150629943	0.004839688046857301	0.004540156377118022	0.005170035328761339	0.0014802549523337172	0.0011598787488940048	0.0012032694896569164	0.006193326578611362	0.006850830146039375	0.004302289975846591	0.005060230126738711	0.0043693901823701874	0.004575662577957435	0.006087663395873951	0.004388713720599683	0.005104170673336419	0.005424660805778547	0.009278635113115807	0.001047699001463754
BDA_158	239215	0.008049919395986834	0.004503766338394216	0.0048968586376537705	0.004268359362027169	0.00436355065161359	0.004439133022634759	0.005091553808121721	0.004796832384002674	0.004224742112558734	0.0041955246719324844	0.000183913928680736	0.0011953529892510314	0.0023119170910998743	0.0005867810463835825	0.0003665886112150565	0.0	0.0028855202542524324	0.0004952743990538834	0.0007696553575021038	0.0010244967188058696	0.000783971586319312	0.0005909630957060564	0.004247012573291675	0.00419987518684845	0.004195160589709594	0.004290814490788674	0.004321035608901821	0.004668720892330643	0.004201076996795166	0.006867398506945135	0.005530115305139187	0.004731414389349451	0.004752565534019404	0.004812531430246762	0.0045129997605074836	0.005142962732008333	0.0015201435245580806	0.0011912516063507367	0.0011932342729883908	0.006166169962000823	0.006823673529428836	0.004275133359236052	0.0050331851489438095	0.004342233565759648	0.004548505961346897	0.0060605425989992	0.004361600187353004	0.0050770140567258796	0.005397504189168008	0.009252075045387978	0.0010364870462262722
BDA_177	239233	0.008606030162630316	0.005382911140885538	0.005775691604223542	0.00514717982240217	0.005243453005861826	0.005317960061808092	0.005970126650345147	0.005676640008933361	0.005104421244888568	0.005075233736195091	0.002925463010474318	0.0032130018061241024	0.0017728817514733404	0.0027318342626400038	0.0029126778956698055	0.0028855202542524324	0.0	0.003011876940614551	0.003068136264634701	0.0030391942309038822	0.0031932072694554592	0.0028962503168386113	0.0051259381371680755	0.005079458744888568	0.005074675724860557	0.005169340687494793	0.00519944792796192	0.00554863124723869	0.0050804229407392645	0.007745684768014333	0.006408399245568588	0.005610784504244907	0.005631850100655918	0.005691030628342185	0.005294047707620896	0.006022651926704152	0.0035006756555247477	0.0034533995544893635	0.0035270685673553827	0.007044470078462025	0.007703281079339101	0.005153962216422711	0.00591352343054283	0.005220578667521073	0.005426794623376478	0.006940039461898324	0.00524354970430878	0.005955297997155282	0.00627578812959741	0.00925112311875392	0.0030942866201980543
BDA_207	239257	0.008201253546918261	0.004655100489325643	0.005048192788585199	0.004419693512958596	0.00451477867139843	0.0045904671735661874	0.005242887959053148	0.0049480616561408	0.004375994904165079	0.004346765069361158	0.0005711956772276326	0.0012067664687218495	0.0026668775436610526	0.0007288779962440063	0.0006938647702532282	0.0004952743990538834	0.003011876940614551	0.0	0.0005670363047703524	0.0009259076309878891	0.0009916514473913899	0.00042567653187886213	0.0043983467242231025	0.0043511417497633185	0.0043464299068861675	0.004442148641720101	0.004472369759833249	0.0048199462226438524	0.004352411147726594	0.007018732657876563	0.005681449456070616	0.004882727774713299	0.004903899684950831	0.00496386558117819	0.004664333911438911	0.00529419905013646	0.0013932443957739961	0.0012465503568611749	0.0014504501266231142	0.00631750411293225	0.006975007680360265	0.00442646751016748	0.005184382860298915	0.004493567716691076	0.004699840112278324	0.00621184093019484	0.004512891254920571	0.005228348207657307	0.005548838340099436	0.009402233601775601	0.0009492705494693425
BDA_211	239261	0.008224284680782809	0.004678131623190191	0.0050712239224497465	0.004442724646823144	0.004537878785879712	0.004613498307430735	0.005265919092917695	0.004971160393353449	0.004399070246824856	0.004369852806198606	0.0008114373412169752	0.0012792719555633032	0.0028829189325293107	0.0007278687616266085	0.0007747845078830077	0.0007696553575021038	0.003068136264634701	0.0005670363047703524	0.0	0.0009812547035247027	0.0009844908013413413	0.00035368495123123126	0.00442137785808765	0.0043742033211145726	0.0043694887239757165	0.004465179775584648	0.004495400893697796	0.004843049026596765	0.004375442281591141	0.00704176379174111	0.005704480589935163	0.004905758908577845	0.004926930818815379	0.004986896715042737	0.004687365045303458	0.0053172908662744555	0.0014671648214531526	0.0014058466519986596	0.001593619875424672	0.006340535246796797	0.006998038814224812	0.004449498644032027	0.0052074856642518276	0.004516598850555623	0.004722871246142871	0.006234872064059388	0.004535922388785119	0.005251379341521855	0.005571869473963983	0.009425691554290627	0.0009503638030085456
BDA_239	239280	0.008377915988235448	0.004831762930642829	0.005224855229902384	0.004596355954275782	0.004691441112715616	0.004767129614883373	0.005419550400370334	0.005124724097457986	0.004552657345482264	0.004523427510678343	0.0010292699171793303	0.0008834679035531976	0.0028870482877667632	0.0009553044534126147	0.0010359109794014615	0.0010244967188058696	0.0030391942309038822	0.0009259076309878891	0.0009812547035247027	0.0	0.0012606890077473338	0.0007769236472274686	0.004575009165540289	0.004527804191080504	0.004523092348203353	0.004618811083037287	0.004649032201150434	0.004996590679936046	0.004529073589043779	0.007195395099193749	0.0058581118973878	0.005059390216030484	0.005080562126268017	0.0051405280224953755	0.004840996352756097	0.005470861491453647	0.0014432196453275064	0.0015245705500750676	0.001590245589592737	0.006494166554249435	0.00715167012167745	0.0046031299514846654	0.005360952987673552	0.004670230158008261	0.00487650255359551	0.006388503371512025	0.0046895536962377575	0.005405010648974493	0.005725500781416621	0.009578045738598742	0.0007933170911522082
BDA_254	239287	0.008357276428670698	0.0048111233710780785	0.005204215670337633	0.004575716394711032	0.004670853291161011	0.004746490055318623	0.005398910840805583	0.005104133698034448	0.004532023157875667	0.004502816521571145	0.0009004557387415307	0.0015196078899335334	0.0028761783419449798	0.0009752203631558313	0.0008834639745306265	0.000783971586319312	0.0031932072694554592	0.0009916514473913899	0.0009844908013413413	0.0012606890077473338	0.0	0.0009431721165965966	0.004554369605975538	0.004507164631515754	0.004502452788638602	0.004598171523472536	0.004628392641585683	0.004976041553493914	0.004508434843900254	0.007174755539628997	0.00583747233782305	0.005038750656465733	0.005059927178339821	0.005119888462930625	0.004820356793191346	0.005450258137677632	0.0018745790162294717	0.0015174491944299066	0.0015605107355571063	0.006473526994684684	0.007131050218751528	0.004582490391919915	0.0053406042415691446	0.004649590598443511	0.0048558629940307595	0.006367863811947274	0.0046689602093536705	0.005302690671852184	0.005623180804294313	0.009559156395792127	0.0012724156642338193
BDA_264	239291	0.008039739139021047	0.004493586081428429	0.004886678380687984	0.004258179105061382	0.004353297417211043	0.004428952765668973	0.0050813735511559335	0.00478657902468478	0.004214488878156187	0.004185271437529937	0.0005959594975156033	0.0010441406843778268	0.002653973851147929	0.0005376234894966009	0.00048701223786358185	0.0005909630957060564	0.0028962503168386113	0.00042567653187886213	0.00035368495123123126	0.0007769236472274686	0.0009431721165965966	0.0	0.004236832316325888	0.004189627341866104	0.004184915498988953	0.004280634233822887	0.004310855351936034	0.004658467657928097	0.0041908967398293796	0.006857218249979348	0.0055199350481734	0.004721213366816084	0.004742385277053617	0.004802351173280975	0.004502819503541696	0.0051327094976057865	0.0013393588136853846	0.0011930932881311547	0.0013762350167336073	0.006155989705035035	0.006813493272463049	0.004264953102270265	0.0050229042955831586	0.004332053308793861	0.00453832570438111	0.006050326522297624	0.004351376847023357	0.005066833799760093	0.00538732393220222	0.009240948375131466	0.0007257969722109766
JOES_OFAV_004	239704	0.0039040959943463264	0.0002600495761767604	0.0006531711687596092	7.847628413365347e-05	0.00027774588681392007	0.0002628998135655521	0.000903617190036438	0.0006209713273135576	8.039205863345337e-05	5.208412072829131e-05	0.0042871561923594325	0.0047494549040249245	0.004211112895909079	0.004245837642835072	0.004274169189902214	0.004247012573291675	0.0051259381371680755	0.0043983467242231025	0.00442137785808765	0.004575009165540289	0.004554369605975538	0.004236832316325888	0.0	4.744896649659864e-05	5.2733169677871144e-05	4.3854138385354144e-05	8.31368045751684e-05	0.0005263720724989994	5.638437956860081e-05	0.0027214192290516206	0.0012946456434541121	0.0005090366036114444	0.0006079355589185209	0.0005724256555534103	0.00026760777742992935	0.0010009878388215479	0.005029846688466707	0.004730934172566611	0.004708247936512252	0.002019681173462616	0.0027414839042926697	0.0001333494400260104	0.0009480073094337735	0.00019484436711944507	0.0003016622556022406	0.0018864514668509558	0.00028008175709888955	0.0009907150653503199	0.0013090895453519353	0.005192008794059958	0.004532532024995317
NC0001_OFAV_003	239727	0.0038862364745884236	0.00030404043351667264	0.0006973944527133528	6.860978640456182e-05	0.0002303702236707789	0.00023944410377435725	0.0008924304833597816	0.0005987237338816986	6.016846484593838e-05	3.113243114245699e-05	0.004239951217899648	0.00470224992956514	0.00416453462048891	0.004198894758469323	0.004226964215442429	0.00419987518684845	0.005079458744888568	0.0043511417497633185	0.0043742033211145726	0.004527804191080504	0.004507164631515754	0.004189627341866104	4.744896649659864e-05	0.0	2.6314344957983198e-05	9.110126906762705e-05	0.00012129888315047421	0.0005063602578631451	3.658626764256477e-05	0.0027035997253001195	0.0013313108254775102	0.0005326623800120047	0.0005881931023295419	0.000612846536936588	0.00031333206218252355	0.000979474608760442	0.004982641714006923	0.004683729198106827	0.004661042962052467	0.0020019880022829908	0.002694717627245875	0.00011038507134853942	0.0009005703477390956	0.00017700204129264112	0.00034889123966586603	0.0018665896933514519	0.0002329724694803801	0.0009441587930614987	0.001264024460808118	0.005144803819600173	0.004485327050535533
NC0003_OFAV_005	239733	0.003911389863924157	0.0003087438432026563	0.0007022381554840869	8.574205771308524e-05	0.00022556275148746634	0.00025884728487068215	0.0009098944654992694	0.0006235364880144132	8.612066430572228e-05	5.7340148609443765e-05	0.0042352393750224974	0.004697538086687989	0.00415949716639149	0.0041941315916626	0.004222252372565278	0.004195160589709594	0.005074675724860557	0.0043464299068861675	0.0043694887239757165	0.004523092348203353	0.004502452788638602	0.004184915498988953	5.2733169677871144e-05	2.6314344957983198e-05	0.0	9.619453827531012e-05	0.0001260083183398427	0.0005325811654461783	6.246780413599154e-05	0.0027287751234393756	0.001336021067714405	0.0005378531458183272	0.0006139255776181443	0.0006175571793335466	0.00031804270457948237	0.0010056805065587389	0.004977929871129772	0.004679017355229676	0.004656331119175316	0.002027687941598717	0.0026899536601190247	0.00013604059289715886	0.0008954591700880353	0.00020217543630948726	0.00035360188206282484	0.0018928489156603751	0.00022827888074488593	0.0009388172560266848	0.0012581892773547367	0.005140091976723022	0.004480615207658382
Outplant_OFAV_004	239752	0.003896091993235883	0.00029439766980086815	0.0006904887230259285	0.00010087322361944778	0.0003213424276363951	0.00030621691277304974	0.0009093971797943238	0.0006647888348384635	0.00011483579265706282	9.570442489995999e-05	0.0043309581098564314	0.004793256821521923	0.004254274162466458	0.004289623977725356	0.004317971107399212	0.004290814490788674	0.005169340687494793	0.004442148641720101	0.004465179775584648	0.004618811083037287	0.004598171523472536	0.004280634233822887	4.3854138385354144e-05	9.110126906762705e-05	9.619453827531012e-05	0.0	0.00011769973329534155	0.0005489239591036412	9.001668751346863e-05	0.0027133926188975584	0.0013240800450874616	0.000552772494697879	0.0006483852055966428	0.0006011355354924739	0.0002736812734655479	0.0010447111484118594	0.005073648605963706	0.004774736090063609	0.00475204985400925	0.0020413629237850933	0.002785284935884552	0.00017598805958383355	0.0009914761653461385	0.00022916817765809077	0.00030017232465986363	0.0018893741544990577	0.00032391628656035004	0.0010334448019850679	0.0013509883567264852	0.005235810711556956	0.004576333942492316
PEPS_OFAV_007	239754	0.00392230084894999	0.00034232240868740894	0.0007355209215642275	9.869799953393245e-05	0.00035153964381013075	0.0002785180603012381	0.000985370395016779	0.0007003105692724965	0.00016295166291154705	0.0001341438549463346	0.004361179227969579	0.00482347793963507	0.00428400369982674	0.004319845095838503	0.0043481922255123595	0.004321035608901821	0.00519944792796192	0.004472369759833249	0.004495400893697796	0.004649032201150434	0.004628392641585683	0.004310855351936034	8.31368045751684e-05	0.00012129888315047421	0.0001260083183398427	0.00011769973329534155	0.0	0.0006093354849914265	0.00013893073788019496	0.0027396215047191764	0.0012964537437906533	0.0005867069661638955	0.0006902798715000501	0.0005899670557890524	0.00027696427722022886	0.0010824552260982688	0.005103869724076854	0.004804957208176757	0.004782270972122398	0.0020385841851789043	0.0028155060539976993	0.00014810532150234454	0.0010214178549892128	0.00021303880668948808	0.0003125234547035713	0.0019695028598566726	0.0003541500952495777	0.0010628304545501769	0.0013182465048934254	0.005266031829670104	0.004606555060605463
PEPS_OFAV_009	239755	0.004309327797777699	0.0007738532416700558	0.0002437841593411671	0.0005271247116546616	0.0004206241907786666	0.0004169311104228764	0.000423392904177207	0.00015367199612864246	0.0004949327899359743	0.0004752698283613443	0.00470873770675519	0.005171036418420682	0.004635343575370863	0.004667852385360079	0.004695793489083649	0.004668720892330643	0.00554863124723869	0.0048199462226438524	0.004843049026596765	0.004996590679936046	0.004976041553493914	0.004658467657928097	0.0005263720724989994	0.0005063602578631451	0.0005325811654461783	0.0005489239591036412	0.0006093354849914265	0.0	0.0004704707640895156	0.002200245395648259	0.000894134608994934	0.0002487366141856743	0.0010288903178819289	0.001098532947447883	0.0007935862276411103	0.001423527250892143	0.005451428202862466	0.00515251568696237	0.0051298294509080095	0.0014993218113233643	0.002237329622464219	0.00055948638857543	0.0013710078788515404	0.0006136873558597665	0.0005073240963685477	0.0023187464794950045	0.00048117762012849516	0.001414763002595218	0.001735492748223084	0.005613590308455717	0.004954113539391075
SAS_OFAV_006	239767	0.003850621905627114	0.00030358215125283973	0.0006999916629362921	6.733837128625039e-05	0.0002315728024112055	0.0002593630626719181	0.0008911412498214496	0.0006117682510055026	2.5017611118034007e-05	5.882918175401223e-06	0.0042412206158629236	0.004703519327528416	0.004165466466474609	0.004199972662890891	0.004228233613405705	0.004201076996795166	0.0050804229407392645	0.004352411147726594	0.004375442281591141	0.004529073589043779	0.004508434843900254	0.0041908967398293796	5.638437956860081e-05	3.658626764256477e-05	6.246780413599154e-05	9.001668751346863e-05	0.00013893073788019496	0.0004704707640895156	0.0	0.0026679585581057203	0.0013504207901811167	0.0005470073624595669	0.0005585403696729103	0.0006282070606509758	0.0003233849264998949	0.0009549061006871284	0.004983911111970199	0.004684998596070102	0.004662312360015743	0.0019666798346006033	0.002695660048176072	9.0145212971762e-05	0.0009016845268169819	0.00014363666589294646	0.0003498794005162112	0.0018607223036739818	0.00023418402457438703	0.0009447605259307272	0.0012654586467025478	0.005146073217563449	0.004486596448498808
26_OFAV_001	239028	0.006227263941141777	0.0029683905669965023	0.0021305199672109086	0.0026430544742897157	0.002619020898084333	0.002553632059216112	0.001819348416365586	0.0021078584220977164	0.0026927503820428174	0.0026735566241296517	0.006907542126012893	0.007369840837678384	0.006829676384180812	0.006866207993881818	0.0068945551235556745	0.006867398506945135	0.007745684768014333	0.007018732657876563	0.00704176379174111	0.007195395099193749	0.007174755539628997	0.006857218249979348	0.0027214192290516206	0.0027035997253001195	0.0027287751234393756	0.0027133926188975584	0.0027396215047191764	0.002200245395648259	0.0026679585581057203	0.0	0.0014521599994820292	0.0024453299446678674	0.0032258913354707023	0.003242081021889779	0.002795159488420457	0.00362262719254613	0.007650232622120168	0.007351320106220072	0.007328633870165712	0.0024264161087242044	0.0006818717131813082	0.0025938677887655057	0.00356892323632453	0.0026060437806331984	0.0025062621672869148	0.0044965167727708255	0.0026810886421612624	0.003608015026973323	0.0037262390030287735	0.007812394727713419	0.007152917958648778
ABE_OFAV_001	239083	0.005015680976531659	0.001553766990187068	0.0007127050375266778	0.0012940592519685898	0.001281079757750226	0.001175662109388365	0.000486850544354374	0.0007409136194808944	0.0013744685377114338	0.0013455223121619556	0.005570258924206945	0.006032557635872437	0.005492475191934467	0.0055289247920758695	0.005557271921749726	0.005530115305139187	0.006408399245568588	0.005681449456070616	0.005704480589935163	0.0058581118973878	0.00583747233782305	0.0055199350481734	0.0012946456434541121	0.0013313108254775102	0.001336021067714405	0.0013240800450874616	0.0012964537437906533	0.000894134608994934	0.0013504207901811167	0.0014521599994820292	0.0	0.0010309028885467548	0.0019017161418593016	0.0017962655872710898	0.0013659040035498122	0.00229380935235665	0.00631294942031422	0.006014036904414124	0.005991350668359763	0.0011280993633180885	0.0016419785587014964	0.0012613029568940934	0.0022311257034852367	0.0013089622857556207	0.0010884315132359671	0.0031808641911585836	0.0013431341260771435	0.002270907867198143	0.002410088077624337	0.00647511152590747	0.00581563475684283
Green_Can_OFAV_071	239697	0.004168964075708872	0.0005397763132531698	0.00039194853836908015	0.000569672264015606	0.00048237085250438125	0.0004359551427414232	0.0006270131186475894	0.0003400624825510174	0.0005708873176070426	0.0005414345027911163	0.004771537242849629	0.00523383595451512	0.0046965297065633405	0.004730383279577767	0.004758550240392409	0.004731414389349451	0.005610784504244907	0.004882727774713299	0.004905758908577845	0.005059390216030484	0.005038750656465733	0.004721213366816084	0.0005090366036114444	0.0005326623800120047	0.0005378531458183272	0.000552772494697879	0.0005867069661638955	0.0002487366141856743	0.0005470073624595669	0.0024453299446678674	0.0010309028885467548	0.0	0.0008728612774212716	0.0008500573326484539	0.0007747036158090771	0.0012631891399545046	0.0055142277389569035	0.005215315223056807	0.005192628987002447	0.0015178312439442444	0.0024592031122198654	0.0006187268967186873	0.0012069139481192476	0.0006856130864699915	0.0004975576446878752	0.002150652191583451	0.0005438507117059424	0.0014757109895700074	0.001794500163129046	0.0056763898445501525	0.005016913075485512
26_OFAV_004	239029	0.0033485127478292053	0.00035433340125820415	0.0012543529792733831	0.0006253404310328965	0.0007831791407355323	0.0008107400168667255	0.0014492690232934106	0.0011633353082548237	0.0005824788438599397	0.000557490051853221	0.004792709153087161	0.005255007864752652	0.004716583121998162	0.004751432889405046	0.004779722150629943	0.004752565534019404	0.005631850100655918	0.004903899684950831	0.004926930818815379	0.005080562126268017	0.005059927178339821	0.004742385277053617	0.0006079355589185209	0.0005881931023295419	0.0006139255776181443	0.0006483852055966428	0.0006902798715000501	0.0010288903178819289	0.0005585403696729103	0.0032258913354707023	0.0019017161418593016	0.0008728612774212716	0.0	0.00012174328984289002	0.0008745189930767558	0.0004465790495046532	0.005535399649194436	0.005236487133294341	0.0052138008972399804	0.001464978918212226	0.003247078573443026	0.0006417488813079419	0.00039289634699658305	0.0006992908490812083	0.0009055344041181615	0.00135911892177399	0.0007856926335176619	0.0014958619732762194	0.0018165406560292205	0.005697561754787686	0.005038084985723046
3_OFAV_001	239034	0.0033516709201698446	0.00032474129586011085	0.0012247757512153115	0.0006008022241171312	0.0008430977087255715	0.0007790808348579966	0.0014744348138012752	0.0011895941851936414	0.000652208673973336	0.0006233368152717075	0.00485267504931452	0.005314973760980011	0.004775559395816485	0.0048113409171834445	0.004839688046857301	0.004812531430246762	0.005691030628342185	0.00496386558117819	0.004986896715042737	0.0051405280224953755	0.005119888462930625	0.004802351173280975	0.0005724256555534103	0.000612846536936588	0.0006175571793335466	0.0006011355354924739	0.0005899670557890524	0.001098532947447883	0.0006282070606509758	0.003242081021889779	0.0017962655872710898	0.0008500573326484539	0.00012174328984289002	0.0	0.0007735537271687068	0.0004985826458020615	0.005595365545421795	0.005296453029521699	0.00527376679346734	0.0014704488389222364	0.0033070018753426408	0.000650392159058634	0.00043978370255250707	0.0007154618084440178	0.0008091464631224658	0.0013856234756183623	0.0008457109621263914	0.0015543131561112696	0.0018229277376863805	0.005757527651015046	0.005098050881950404
6_OFAV_020	239078	0.00397516165064125	0.0005265651987792675	0.00091997230558335	0.00026666845415495194	0.0005435714263269888	0.0004703721542425453	0.0011694942082666666	0.0008870491876434104	0.0003474086242965147	0.00031843262431690905	0.004553143379575241	0.005015442091240733	0.004378228108736371	0.004511809247444166	0.004540156377118022	0.0045129997605074836	0.005294047707620896	0.004664333911438911	0.004687365045303458	0.004840996352756097	0.004820356793191346	0.004502819503541696	0.00026760777742992935	0.00031333206218252355	0.00031804270457948237	0.0002736812734655479	0.00027696427722022886	0.0007935862276411103	0.0003233849264998949	0.002795159488420457	0.0013659040035498122	0.0007747036158090771	0.0008745189930767558	0.0007735537271687068	0.0	0.0012667581404291538	0.005295833875682516	0.004996921359782419	0.0049742351237280595	0.002099970673686071	0.0030074702056033615	0.00023795249222171953	0.0012131806576972074	0.0002684765287512968	0.0003302671973043507	0.0021538466023264258	0.0005461772561608739	0.0012524752653787466	0.0013773435660242128	0.005457995981275766	0.004798519212211126
ABE_OFAV_002	239084	0.002908739498524692	0.0007508798059169425	0.001651042459649252	0.00102216537354502	0.001174330070497314	0.0012029007139447885	0.001845763480479331	0.0015537032817378618	0.0009786502959583773	0.0009492475674502554	0.005183008518272791	0.005645307229938283	0.005108621891645989	0.0051419736919005405	0.005170035328761339	0.005142962732008333	0.006022651926704152	0.00529419905013646	0.0053172908662744555	0.005470861491453647	0.005450258137677632	0.0051327094976057865	0.0010009878388215479	0.000979474608760442	0.0010056805065587389	0.0010447111484118594	0.0010824552260982688	0.001423527250892143	0.0009549061006871284	0.00362262719254613	0.00229380935235665	0.0012631891399545046	0.0004465790495046532	0.0004985826458020615	0.0012667581404291538	0.0	0.005925699014380066	0.005626786498479969	0.005604100262425609	0.0013004023483005368	0.003637805349061855	0.0010326767854438262	0.0001114754972666221	0.0010959636849846549	0.001302354621806642	0.0009179282203470361	0.0011762397804333895	0.0018880230055758947	0.0022087297028920245	0.006087861119973316	0.005428384350908676
