R303	238933	0.0	0.0026535738595353034	0.002769238458728433	0.003882795301550465	0.008583795721236371	0.0027457338353506057	0.0013537340467865405	0.0019645923637916897	0.0037718889875323525	0.002657086276689623	0.0018323138212363714	0.0028338323658097433	0.002815098387595425	0.004427642005362845	0.0017779203752987076	0.0021122902076106762	0.002945065625607682	0.0046479261473342005	0.006408111709555204	0.0013005428256722346	0.008721786476562968	0.008375806597390265	0.00910739701632126	0.008477264753305857	0.007939752395370064	0.008181525022232749	0.013717737585066118	0.01111445059181881	0.009584924406319402	0.051043766188425946	0.0097618663586676	0.04806791870554449	0.055672387557373616	0.048370658863040414	0.04727889441523412	0.04593375206778505	0.05166761333271394	0.046460232896990784
R333	238963	0.0026535738595353034	0.0	0.0018824641273754755	0.002092761265752295	0.007774482822574515	0.0028878932252157613	0.0024858078978495695	0.0031163475476895385	0.00382731051375756	0.00380885778494699	0.002984002612021349	0.003985614211971335	0.001008553606477829	0.0044000949561512305	0.0018406247148629725	0.003465434086577315	0.0038795151545902946	0.005799772012701554	0.005598798810893348	0.00247992158984797	0.010628011314651624	0.009527659199812239	0.010259291459258184	0.009629136157608019	0.009091524189711228	0.009333341621054363	0.014869803916573315	0.012266477247977055	0.01048425961412739	0.05101710802477408	0.010914160105828977	0.04804126054189262	0.05564572939372175	0.048344000699388545	0.04725223625158225	0.04590709390413318	0.05164095516906207	0.046433574733338916
R334	238964	0.002769238458728433	0.0018824641273754755	0.0	0.0038650503183311987	0.005945258236787357	0.004660147582405537	0.003248680435867173	0.002603372736477296	0.005656330150081422	0.0023855807683936794	0.002279196394937709	0.0021568574263029034	0.002780859842703795	0.003338771899409882	0.0036619640006701343	0.0030711326331166232	0.00476994150868342	0.003970842214829462	0.0037695742251061897	0.002938528162272455	0.008799326436806056	0.007698434614025081	0.008430066873471025	0.007799911571820861	0.007262299603924071	0.007504117035267205	0.013040579330786155	0.0104372526621899	0.008655716608322428	0.049188423146928506	0.009085475227983409	0.04621257566404705	0.053817044515876176	0.046515315821542974	0.04542355137373668	0.04407840902628761	0.049812270291216515	0.044604889855493345
R337	238967	0.003882795301550465	0.002092761265752295	0.0038650503183311987	0.0	0.009751059435310593	0.001979690972431729	0.003213435196422815	0.005092924160425616	0.0022870060081077712	0.005785434397683068	0.004960579224757427	0.005962190824707412	0.0011316381476987455	0.006376657166006733	0.0024429779826173025	0.00524034118270715	0.004337606048574572	0.007776348625437632	0.0075753754236294255	0.00392270333328321	0.012604362912453737	0.011504235812548318	0.012235868071994262	0.011605712770344095	0.011068100802447307	0.01130991823379044	0.016846380529309393	0.014243053860713135	0.012460611211929502	0.05299345962257618	0.01289051170363109	0.05001761213969474	0.05762208099152386	0.05032035229719066	0.049228587849384366	0.047883445501935296	0.05361730676686419	0.04840992633114103
R338	238968	0.008583795721236371	0.007774482822574515	0.005945258236787357	0.009751059435310593	0.0	0.010575355192677804	0.009008092467733549	0.007202133932016404	0.011601535633766882	0.006919821311282257	0.007313028749514854	0.006531708203481044	0.008620564198929466	0.008163551245339068	0.009607183629735946	0.008257365507111421	0.01054147111389417	0.005408659591507453	0.002175684011681168	0.00880460167779556	0.0028555560764229266	0.001753501209720972	0.00248575117269727	0.0018549969693969393	0.0013172853915391532	0.0015591476273627363	0.007096222874354872	0.0044926288888488845	0.007820531854952972	0.04324409949705853	0.003141614385715714	0.04026825201417709	0.0478727208660062	0.040570992171672995	0.0394792277238667	0.03813408537641763	0.043867946641346536	0.038660566205623366
R343	238973	0.0027457338353506057	0.0028878932252157613	0.004660147582405537	0.001979690972431729	0.010575355192677804	0.0	0.0020118965495110304	0.003891382112833696	0.0016574598182379622	0.0045838733462903875	0.003759044236200861	0.004760639562568772	0.0019554342531200915	0.006393265443752232	0.001141754920016334	0.004038795735535643	0.003309920129058717	0.0065747653536961095	0.008399671180996635	0.0027014643935114944	0.011402686412743824	0.010302649172279486	0.011034277398032075	0.010404122096381908	0.009866554566218879	0.010108349595321791	0.015644789855347205	0.013041463186750948	0.011537976508400376	0.05300982661705453	0.011688918628948684	0.05003397913417309	0.0576384479860022	0.050336719291668997	0.0492449548438627	0.04789981249641363	0.05363367376134254	0.04842629332561937
R346	238976	0.0013537340467865405	0.0024858078978495695	0.003248680435867173	0.003213435196422815	0.009008092467733549	0.0020118965495110304	0.0	0.0018795135689237854	0.002593443166033337	0.002572014804380877	0.0017928651188837614	0.0027487556282845974	0.0020824950253118695	0.004711603722674536	0.0011068133319963986	0.0020270301839067813	0.0019747854928317487	0.004562913429014817	0.006832408456052379	0.0008362225123024608	0.009391080316481991	0.008290800616125502	0.009022432875571447	0.008392277573921282	0.007854665606024491	0.008096483037367628	0.013632945332886576	0.01102961866429032	0.009703948285774297	0.05126569332818476	0.009677229107659346	0.048289845845303304	0.05589431469713243	0.048592586002799226	0.04750082155499293	0.04615567920754386	0.05188954047247277	0.0466821600367496
R350	238980	0.0019645923637916897	0.0031163475476895385	0.002603372736477296	0.005092924160425616	0.007202133932016404	0.003891382112833696	0.0018795135689237854	0.0	0.004399409073209765	0.0006977874091918388	0.0005680724433902	0.0009388104233240874	0.003961957629785636	0.003242416908661733	0.002871609162412483	0.0014755912873374672	0.0038250151201273353	0.0026835318864963124	0.005026449920335236	0.001624171769583917	0.0075117999942075344	0.006411419073606997	0.007143051333052942	0.006512896031402777	0.005975284063505988	0.006217101494849122	0.011753563790368073	0.009150237121771813	0.007871622346888658	0.0494305629659223	0.007797948785384888	0.04645471548304086	0.05405918433486997	0.04675745564053677	0.04566569119273048	0.04432054884528141	0.05005441011021031	0.04484702967448714
R351	238981	0.0037718889875323525	0.00382731051375756	0.005656330150081422	0.0022870060081077712	0.011601535633766882	0.0016574598182379622	0.002593443166033337	0.004399409073209765	0.0	0.004681714322484626	0.004288511047201765	0.005069827430285839	0.0029813707520360173	0.007290395867203572	0.0019944293411286876	0.004235968902617657	0.0038160819034677934	0.00626995425040718	0.009425851622085715	0.00323117926708695	0.011686015240957946	0.009997841437517866	0.01072947369696381	0.010099318395313644	0.010284250242227731	0.010042388006404147	0.01568859739813418	0.01273665948568268	0.012270183713001839	0.05350520127131565	0.011911587654766975	0.05052935378843421	0.05813382264026334	0.050832093945930135	0.049740329498123834	0.048395187150674764	0.05412904841560366	0.0489216679798805
R355	238984	0.002657086276689623	0.00380885778494699	0.0023855807683936794	0.005785434397683068	0.006919821311282257	0.0045838733462903875	0.002572014804380877	0.0006977874091918388	0.004681714322484626	0.0	0.0008248551729256409	0.0004782883420185394	0.004654391851840047	0.003261188710452091	0.0035641193996699353	0.0015418187597819569	0.0043539365072746364	0.0019909142277545634	0.004744137299601089	0.0023166804065213047	0.007004779678763395	0.005718801414865249	0.006450433674311194	0.005820278372661029	0.005602535919743104	0.005524483836107373	0.011167425446949389	0.008457619463030067	0.007589554168763035	0.04898484010684048	0.007230433424041066	0.04600899262395904	0.05361346147578815	0.04631173278145495	0.045219968333648664	0.04387482598619959	0.04960868725112849	0.04440130681540533
R356	238985	0.0018323138212363714	0.002984002612021349	0.002279196394937709	0.004960579224757427	0.007313028749514854	0.003759044236200861	0.0017928651188837614	0.0005680724433902	0.004288511047201765	0.0008248551729256409	0.0	0.001001611599949985	0.003829616648174238	0.0030022819337439627	0.002739264226744294	0.0012060058992314489	0.0037347683348104435	0.0028157694006802044	0.005137344737833687	0.0014918426566461437	0.00764414059476843	0.006543656587790889	0.007275288847236834	0.006645133545586669	0.00610752157768988	0.006349339009033014	0.011885801304551965	0.009282474635955707	0.007982606812795801	0.04955006999773873	0.007930289385945784	0.04657422251485729	0.05417869136668641	0.04687696267235321	0.04578519822454691	0.04444005587709784	0.050173917142026736	0.04496653670630357
R357	238986	0.0028338323658097433	0.003985614211971335	0.0021568574263029034	0.005962190824707412	0.006531708203481044	0.004760639562568772	0.0027487556282845974	0.0009388104233240874	0.005069827430285839	0.0004782883420185394	0.001001611599949985	0.0	0.00483118743588055	0.003437945137476435	0.003740875826694279	0.0018754474674726814	0.00461493759779934	0.0018141578007302194	0.004356024191799876	0.002493436833545649	0.006642713450155047	0.005542044987840904	0.00627367724728685	0.005643521945636684	0.005214422811941891	0.005347727409083028	0.01088418970460198	0.008280863036005722	0.007201654700292048	0.04868110598212405	0.006928862241332399	0.0457052584992426	0.05330972735107172	0.04600799865673852	0.044916234208932225	0.043571091861483155	0.04930495312641206	0.04409757269068889
R362	238991	0.002815098387595425	0.001008553606477829	0.002780859842703795	0.0011316381476987455	0.008620564198929466	0.0019554342531200915	0.0020824950253118695	0.003961957629785636	0.0029813707520360173	0.004654391851840047	0.003829616648174238	0.00483118743588055	0.0	0.005245726642568193	0.0014957745502900172	0.004109338231654575	0.003302793619149251	0.006645281903313632	0.006444880187248298	0.0028379999659489136	0.011473312252296902	0.010373169090424317	0.011104801349870262	0.010474646048220095	0.009937117517261299	0.010178851511666441	0.015715313807185393	0.013111987138589135	0.011329308820461884	0.05186213082955478	0.011759442580786874	0.04888628334667333	0.05649075219850245	0.049189023504169246	0.04809725905636295	0.04675211670891388	0.05248597797384279	0.04727859753811962
R318	238948	0.004427642005362845	0.0044000949561512305	0.003338771899409882	0.006376657166006733	0.008163551245339068	0.006393265443752232	0.004711603722674536	0.003242416908661733	0.007290395867203572	0.003261188710452091	0.0030022819337439627	0.003437945137476435	0.005245726642568193	0.0	0.005404526330686139	0.0032539974608721744	0.003476858306734542	0.0052521029382066545	0.0059878672336579	0.004059324742518504	0.009349986869985961	0.00897999012531734	0.008776879448976127	0.00908146708311312	0.008543855115216329	0.008785672546559464	0.01140446629908982	0.008801139630493558	0.009936635998626021	0.04755175600441	0.009648164806506918	0.044575908521528554	0.05218037737335767	0.04487864867902447	0.043786884231218175	0.04244174188376911	0.048175603148698	0.04296822271297484
R320	238950	0.0017779203752987076	0.0018406247148629725	0.0036619640006701343	0.0024429779826173025	0.009607183629735946	0.001141754920016334	0.0011068133319963986	0.002871609162412483	0.0019944293411286876	0.0035641193996699353	0.002739264226744294	0.003740875826694279	0.0014957745502900172	0.005404526330686139	0.0	0.003019123613922785	0.0025753843211165756	0.005555033627424499	0.00743149961805478	0.0016818231754850974	0.010383081291046904	0.009282920814535182	0.01001455307398113	0.009384397772330962	0.008846785804434173	0.009088603235777308	0.01462506553129626	0.012021738862700002	0.010539075050257193	0.052021362163861884	0.010669230082224257	0.049045514680980444	0.05664998353280957	0.049348254838476366	0.04825649039067007	0.046911348043221	0.05264520930814989	0.047437828872426736
R321	238951	0.0021122902076106762	0.003465434086577315	0.0030711326331166232	0.00524034118270715	0.008257365507111421	0.004038795735535643	0.0020270301839067813	0.0014755912873374672	0.004235968902617657	0.0015418187597819569	0.0012060058992314489	0.0018754474674726814	0.004109338231654575	0.0032539974608721744	0.003019123613922785	0.0	0.0030717034795867616	0.0034277954327855704	0.006081681495430254	0.0013374640353770752	0.00761165204112914	0.007155682619896255	0.006995528879942321	0.007257159577692036	0.006940080115572268	0.00696136504113838	0.012544574353140627	0.009894500668061072	0.008926554058923133	0.050361648945018114	0.007849357660756215	0.047385801462136674	0.0549902703139658	0.047688541619632596	0.0465967771718263	0.04525163482437723	0.05098549608930612	0.04577811565358297
R323	238953	0.002945065625607682	0.0038795151545902946	0.00476994150868342	0.004337606048574572	0.01054147111389417	0.003309920129058717	0.0019747854928317487	0.0038250151201273353	0.0038160819034677934	0.0043539365072746364	0.0037347683348104435	0.00461493759779934	0.003302793619149251	0.003476858306734542	0.0025753843211165756	0.0030717034795867616	0.0	0.006194887598749626	0.008365787102213003	0.00238995864547874	0.010516370801640494	0.009922774785860313	0.00987766794597646	0.010024251743656093	0.009764110599095798	0.0098130895981157	0.013285641218356107	0.010682314549759849	0.011367715592765852	0.05047671380779175	0.010790340871921579	0.0475008663249103	0.05510533517673942	0.047803606482406225	0.046711842034599924	0.04536669968715086	0.05110056095207975	0.04589318051635659
R324	238954	0.0046479261473342005	0.005799772012701554	0.003970842214829462	0.007776348625437632	0.005408659591507453	0.0065747653536961095	0.004562913429014817	0.0026835318864963124	0.00626995425040718	0.0019909142277545634	0.0028157694006802044	0.0018141578007302194	0.006645281903313632	0.0052521029382066545	0.005555033627424499	0.0034277954327855704	0.006194887598749626	0.0	0.0033984670538072526	0.004307594634275868	0.00549388488459538	0.0037278871871106855	0.0044595194465566305	0.003829364144906465	0.004091374199968299	0.0038495119641447162	0.00946499101545634	0.006466705235275502	0.006793037471608057	0.04728267762982835	0.005719389447304192	0.04430683014694691	0.051911298998776036	0.04460957030444283	0.04351780585663654	0.04217266350918747	0.047906524774116374	0.042699144338393204
R327	238957	0.006408111709555204	0.005598798810893348	0.0037695742251061897	0.0075753754236294255	0.002175684011681168	0.008399671180996635	0.006832408456052379	0.005026449920335236	0.009425851622085715	0.004744137299601089	0.005137344737833687	0.004356024191799876	0.006444880187248298	0.0059878672336579	0.00743149961805478	0.006081681495430254	0.008365787102213003	0.0033984670538072526	0.0	0.006628917666114393	0.005030688074727655	0.003928932796159615	0.004660837482848285	0.004030428555835583	0.0034927253788178815	0.0037345792138013803	0.009271654460793515	0.006668060475287528	0.008366939435831059	0.04541953108349717	0.005316749239617121	0.04244368360061573	0.050048152452444844	0.04274642375811164	0.041654659310305354	0.040309516962856284	0.046043378227785176	0.04083599779206202
R348	238978	0.0013005428256722346	0.00247992158984797	0.002938528162272455	0.00392270333328321	0.00880460167779556	0.0027014643935114944	0.0008362225123024608	0.001624171769583917	0.00323117926708695	0.0023166804065213047	0.0014918426566461437	0.002493436833545649	0.0028379999659489136	0.004059324742518504	0.0016818231754850974	0.0013374640353770752	0.00238995864547874	0.004307594634275868	0.006628917666114393	0.0	0.008770914138857243	0.008035481821386553	0.008332971911118555	0.008136958779182333	0.007599346811285544	0.007841164242628679	0.01337762653814763	0.010774299869551371	0.009473732017964944	0.05104137037733458	0.009063080253391602	0.04806552289445314	0.05566999174628225	0.04836826305194905	0.047276498604142764	0.045931356256693694	0.05166521752162259	0.04645783708589943
R308	238938	0.008721786476562968	0.010628011314651624	0.008799326436806056	0.012604362912453737	0.0028555560764229266	0.011402686412743824	0.009391080316481991	0.0075117999942075344	0.011686015240957946	0.007004779678763395	0.00764414059476843	0.006642713450155047	0.011473312252296902	0.009349986869985961	0.010383081291046904	0.00761165204112914	0.010516370801640494	0.00549388488459538	0.005030688074727655	0.008770914138857243	0.0	0.001839907910664248	0.0018412122877133929	0.0019413660665798397	0.0015382706848837734	0.0016456263355067325	0.007181668892427347	0.004578475882285949	0.008632349041592255	0.04499358904838392	0.002507043066159848	0.04201774156550248	0.0496222104173316	0.042320481722998404	0.0412287172751921	0.03988357492774303	0.04561743619267193	0.04041005575694877
R317	238947	0.008375806597390265	0.009527659199812239	0.007698434614025081	0.011504235812548318	0.001753501209720972	0.010302649172279486	0.008290800616125502	0.006411419073606997	0.009997841437517866	0.005718801414865249	0.006543656587790889	0.005542044987840904	0.010373169090424317	0.00897999012531734	0.009282920814535182	0.007155682619896255	0.009922774785860313	0.0037278871871106855	0.003928932796159615	0.008035481821386553	0.001839907910664248	0.0	0.0007322499629762982	0.00010149575967596756	0.0004362158181818182	0.00019435358235823553	0.005781413306206952	0.0027391276791279124	0.007533166250426	0.043599197239952814	0.0020653447624502793	0.040623349757071374	0.04822781860890049	0.04092608991456729	0.039834325466760995	0.038489183119311925	0.04422304438424082	0.03901566394851766
R319	238949	0.00910739701632126	0.010259291459258184	0.008430066873471025	0.012235868071994262	0.00248575117269727	0.011034277398032075	0.009022432875571447	0.007143051333052942	0.01072947369696381	0.006450433674311194	0.007275288847236834	0.00627367724728685	0.011104801349870262	0.008776879448976127	0.01001455307398113	0.006995528879942321	0.00987766794597646	0.0044595194465566305	0.004660837482848285	0.008332971911118555	0.0018412122877133929	0.0007322499629762982	0.0	0.0006307542033003306	0.0011684657811581165	0.0009266035453345337	0.006318830637900122	0.0032713514173417333	0.008264730703091267	0.044136614571645985	0.0020785694830139636	0.04116076708876454	0.048765235940593656	0.04146350724626046	0.040371742798454166	0.039026600451005096	0.044760461715933994	0.03955308128021083
R326	238956	0.008477264753305857	0.009629136157608019	0.007799911571820861	0.011605712770344095	0.0018549969693969393	0.010404122096381908	0.008392277573921282	0.006512896031402777	0.010099318395313644	0.005820278372661029	0.006645133545586669	0.005643521945636684	0.010474646048220095	0.00908146708311312	0.009384397772330962	0.007257159577692036	0.010024251743656093	0.003829364144906465	0.004030428555835583	0.008136958779182333	0.0019413660665798397	0.00010149575967596756	0.0006307542033003306	0.0	0.0005377115778577858	0.0002958493420342031	0.005801966993295661	0.0027544877727372734	0.007634615005401496	0.043619750927041526	0.0021667564767817124	0.040643903444160086	0.0482483722959892	0.040946643601655994	0.0398548791538497	0.03850973680640063	0.044243598071329535	0.039036217635606364
R339	238969	0.007939752395370064	0.009091524189711228	0.007262299603924071	0.011068100802447307	0.0013172853915391532	0.009866554566218879	0.007854665606024491	0.005975284063505988	0.010284250242227731	0.005602535919743104	0.00610752157768988	0.005214422811941891	0.009937117517261299	0.008543855115216329	0.008846785804434173	0.006940080115572268	0.009764110599095798	0.004091374199968299	0.0034927253788178815	0.007599346811285544	0.0015382706848837734	0.0004362158181818182	0.0011684657811581165	0.0005377115778577858	0.0	0.00024186223582358274	0.005778937482815718	0.0031753434973097305	0.007097152452446201	0.04351086011672049	0.001824328994176561	0.04053501263383905	0.04813948148566816	0.04083775279133496	0.039745988343528674	0.038400845996079604	0.0441347072610085	0.03892732682528534
R365	238994	0.008181525022232749	0.009333341621054363	0.007504117035267205	0.01130991823379044	0.0015591476273627363	0.010108349595321791	0.008096483037367628	0.006217101494849122	0.010042388006404147	0.005524483836107373	0.006349339009033014	0.005347727409083028	0.010178851511666441	0.008785672546559464	0.009088603235777308	0.00696136504113838	0.0098130895981157	0.0038495119641447162	0.0037345792138013803	0.007841164242628679	0.0016456263355067325	0.00019435358235823553	0.0009266035453345337	0.0002958493420342031	0.00024186223582358274	0.0	0.005742055181994531	0.0029334812614861478	0.007338902677068664	0.04355983911574039	0.001871152117985833	0.04058399163285895	0.04818846048468807	0.04088673179035487	0.03979496734254857	0.0384498249950995	0.0441836862600284	0.03897630582430524
R359	238988	0.013717737585066118	0.014869803916573315	0.013040579330786155	0.016846380529309393	0.007096222874354872	0.015644789855347205	0.013632945332886576	0.011753563790368073	0.01568859739813418	0.011167425446949389	0.011885801304551965	0.01088418970460198	0.015715313807185393	0.01140446629908982	0.01462506553129626	0.012544574353140627	0.013285641218356107	0.00946499101545634	0.009271654460793515	0.01337762653814763	0.007181668892427347	0.005781413306206952	0.006318830637900122	0.005801966993295661	0.005778937482815718	0.005742055181994531	0.0	0.003047479220558387	0.012874508202616115	0.037817783933745866	0.007436930090575931	0.03484193645086443	0.04244640530269354	0.03514467660836034	0.03405291216055405	0.03270776981310498	0.038441631078033875	0.03323425064231071
R368	238997	0.01111445059181881	0.012266477247977055	0.0104372526621899	0.014243053860713135	0.0044926288888488845	0.013041463186750948	0.01102961866429032	0.009150237121771813	0.01273665948568268	0.008457619463030067	0.009282474635955707	0.008280863036005722	0.013111987138589135	0.008801139630493558	0.012021738862700002	0.009894500668061072	0.010682314549759849	0.006466705235275502	0.006668060475287528	0.010774299869551371	0.004578475882285949	0.0027391276791279124	0.0032713514173417333	0.0027544877727372734	0.0031753434973097305	0.0029334812614861478	0.003047479220558387	0.0	0.010271519852146171	0.040865263154304256	0.004803088375691603	0.037889415671422816	0.04549388452325193	0.03819215582891873	0.03710039138111244	0.03575524903366337	0.04148911029859226	0.0362817298628691
BDA_181	239236	0.009584924406319402	0.01048425961412739	0.008655716608322428	0.012460611211929502	0.007820531854952972	0.011537976508400376	0.009703948285774297	0.007871622346888658	0.012270183713001839	0.007589554168763035	0.007982606812795801	0.007201654700292048	0.011329308820461884	0.009936635998626021	0.010539075050257193	0.008926554058923133	0.011367715592765852	0.006793037471608057	0.008366939435831059	0.009473732017964944	0.008632349041592255	0.007533166250426	0.008264730703091267	0.007634615005401496	0.007097152452446201	0.007338902677068664	0.012874508202616115	0.010271519852146171	0.0	0.05005858759347638	0.008339067105960008	0.047082740110594934	0.05468720896242405	0.04738548026809085	0.046293715820284555	0.044948573472835485	0.05068243473776439	0.04547505430204122
R297	238927	0.051043766188425946	0.05101710802477408	0.049188423146928506	0.05299345962257618	0.04324409949705853	0.05300982661705453	0.05126569332818476	0.0494305629659223	0.05350520127131565	0.04898484010684048	0.04955006999773873	0.04868110598212405	0.05186213082955478	0.04755175600441	0.052021362163861884	0.050361648945018114	0.05047671380779175	0.04728267762982835	0.04541953108349717	0.05104137037733458	0.04499358904838392	0.043599197239952814	0.044136614571645985	0.043619750927041526	0.04351086011672049	0.04355983911574039	0.037817783933745866	0.040865263154304256	0.05005858759347638	0.0	0.04525359106198801	0.017270632796998496	0.014278635729686191	0.01757453996347419	0.016479350889777988	0.015136477897941683	0.008093219514970492	0.01566137617600234
R414	239014	0.0097618663586676	0.010914160105828977	0.009085475227983409	0.01289051170363109	0.003141614385715714	0.011688918628948684	0.009677229107659346	0.007797948785384888	0.011911587654766975	0.007230433424041066	0.007930289385945784	0.006928862241332399	0.011759442580786874	0.009648164806506918	0.010669230082224257	0.007849357660756215	0.010790340871921579	0.005719389447304192	0.005316749239617121	0.009063080253391602	0.002507043066159848	0.0020653447624502793	0.0020785694830139636	0.0021667564767817124	0.001824328994176561	0.001871152117985833	0.007436930090575931	0.004803088375691603	0.008339067105960008	0.04525359106198801	0.0	0.04227774357910656	0.04988221243093568	0.04258048373660248	0.04148871928879619	0.04014357694134712	0.04587743820627602	0.04067005777055285
BDA_106	239174	0.04806791870554449	0.04804126054189262	0.04621257566404705	0.05001761213969474	0.04026825201417709	0.05003397913417309	0.048289845845303304	0.04645471548304086	0.05052935378843421	0.04600899262395904	0.04657422251485729	0.0457052584992426	0.04888628334667333	0.044575908521528554	0.049045514680980444	0.047385801462136674	0.0475008663249103	0.04430683014694691	0.04244368360061573	0.04806552289445314	0.04201774156550248	0.040623349757071374	0.04116076708876454	0.040643903444160086	0.04053501263383905	0.04058399163285895	0.03484193645086443	0.037889415671422816	0.047082740110594934	0.017270632796998496	0.04227774357910656	0.0	0.012539299652355267	0.0020676842360029413	0.005846096334894562	0.0060589113347200765	0.01417716897949004	0.003860334041272027
BDA_015	239098	0.055672387557373616	0.05564572939372175	0.053817044515876176	0.05762208099152386	0.0478727208660062	0.0576384479860022	0.05589431469713243	0.05405918433486997	0.05813382264026334	0.05361346147578815	0.05417869136668641	0.05330972735107172	0.05649075219850245	0.05218037737335767	0.05664998353280957	0.0549902703139658	0.05510533517673942	0.051911298998776036	0.050048152452444844	0.05566999174628225	0.0496222104173316	0.04822781860890049	0.048765235940593656	0.0482483722959892	0.04813948148566816	0.04818846048468807	0.04244640530269354	0.04549388452325193	0.05468720896242405	0.014278635729686191	0.04988221243093568	0.012539299652355267	0.0	0.013146296005153319	0.015341733732632847	0.016929755416415566	0.012133456593892812	0.014962989368795036
BDA_021	239102	0.048370658863040414	0.048344000699388545	0.046515315821542974	0.05032035229719066	0.040570992171672995	0.050336719291668997	0.048592586002799226	0.04675745564053677	0.050832093945930135	0.04631173278145495	0.04687696267235321	0.04600799865673852	0.049189023504169246	0.04487864867902447	0.049348254838476366	0.047688541619632596	0.047803606482406225	0.04460957030444283	0.04274642375811164	0.04836826305194905	0.042320481722998404	0.04092608991456729	0.04146350724626046	0.040946643601655994	0.04083775279133496	0.04088673179035487	0.03514467660836034	0.03819215582891873	0.04738548026809085	0.01757453996347419	0.04258048373660248	0.0020676842360029413	0.013146296005153319	0.0	0.005831857887339939	0.007062515677649987	0.014922346611150581	0.004558487878116871
BDA_196	239247	0.04727889441523412	0.04725223625158225	0.04542355137373668	0.049228587849384366	0.0394792277238667	0.0492449548438627	0.04750082155499293	0.04566569119273048	0.049740329498123834	0.045219968333648664	0.04578519822454691	0.044916234208932225	0.04809725905636295	0.043786884231218175	0.04825649039067007	0.0465967771718263	0.046711842034599924	0.04351780585663654	0.041654659310305354	0.047276498604142764	0.0412287172751921	0.039834325466760995	0.040371742798454166	0.0398548791538497	0.039745988343528674	0.03979496734254857	0.03405291216055405	0.03710039138111244	0.046293715820284555	0.016479350889777988	0.04148871928879619	0.005846096334894562	0.015341733732632847	0.005831857887339939	0.0	0.006088758278318898	0.01394925439695176	0.0029686220185218127
BDA_200	239251	0.04593375206778505	0.04590709390413318	0.04407840902628761	0.047883445501935296	0.03813408537641763	0.04789981249641363	0.04615567920754386	0.04432054884528141	0.048395187150674764	0.04387482598619959	0.04444005587709784	0.043571091861483155	0.04675211670891388	0.04244174188376911	0.046911348043221	0.04525163482437723	0.04536669968715086	0.04217266350918747	0.040309516962856284	0.045931356256693694	0.03988357492774303	0.038489183119311925	0.039026600451005096	0.03850973680640063	0.038400845996079604	0.0384498249950995	0.03270776981310498	0.03575524903366337	0.044948573472835485	0.015136477897941683	0.04014357694134712	0.0060589113347200765	0.016929755416415566	0.007062515677649987	0.006088758278318898	0.0	0.010526017792484956	0.0045662765665133035
BDA_201	239252	0.05166761333271394	0.05164095516906207	0.049812270291216515	0.05361730676686419	0.043867946641346536	0.05363367376134254	0.05188954047247277	0.05005441011021031	0.05412904841560366	0.04960868725112849	0.050173917142026736	0.04930495312641206	0.05248597797384279	0.048175603148698	0.05264520930814989	0.05098549608930612	0.05110056095207975	0.047906524774116374	0.046043378227785176	0.05166521752162259	0.04561743619267193	0.04422304438424082	0.044760461715933994	0.044243598071329535	0.0441347072610085	0.0441836862600284	0.038441631078033875	0.04148911029859226	0.05068243473776439	0.008093219514970492	0.04587743820627602	0.01417716897949004	0.012133456593892812	0.014922346611150581	0.01394925439695176	0.010526017792484956	0.0	0.012568489569416247
BDA_206	239256	0.046460232896990784	0.046433574733338916	0.044604889855493345	0.04840992633114103	0.038660566205623366	0.04842629332561937	0.0466821600367496	0.04484702967448714	0.0489216679798805	0.04440130681540533	0.04496653670630357	0.04409757269068889	0.04727859753811962	0.04296822271297484	0.047437828872426736	0.04577811565358297	0.04589318051635659	0.042699144338393204	0.04083599779206202	0.04645783708589943	0.04041005575694877	0.03901566394851766	0.03955308128021083	0.039036217635606364	0.03892732682528534	0.03897630582430524	0.03323425064231071	0.0362817298628691	0.04547505430204122	0.01566137617600234	0.04067005777055285	0.003860334041272027	0.014962989368795036	0.004558487878116871	0.0029686220185218127	0.0045662765665133035	0.012568489569416247	0.0
