R306	238936	0	0.9392699941190187	0.6812465189457709	0.5384232094590905	0.5928900814916223	0.5452729017979127	0.6812465189457708	0.6812465189457709	0.681246518945771	0.6812465189457706	0.4905034930598679	0.6813632110411735	0.6812465189457708	0.6812465189457709	0.634901244771243	0.6401172236999572	0.5013242280292161	0.6812465189457709	0.9731968611844799	0.9669749890856408	0.9637045060192773	0.9579624702547169	0.9657677729628531	0.8917173495990947	0.8360454356154953	0.7525720719077905	0.9634719946422423	0.954952023130322	0.9638138818734029	0.9192724763344817	0.9587222999438176	0.9645799195428388	0.966815423379171	0.9562465675714904	0.9576271626222668	1.0	0.5074587435555568	0.6898115424143333	0.6349012447712429	0.6444605866591857	0.6812465189457708	0.5699360326342522	0.6812465189457709	0.6812465189457706	0.6349012447712429	0.6812465189457708	0.6812465189457708	0.6812465189457708	0.6812465189457709	0.6390128397554298	0.6812465189457709
R412	239012	0.9392699941190187	0	1.0	1.0	1.0	1.0	1.0	1.0	1.0	1.0	1.0	1.0	1.0	1.0	1.0	1.0	1.0	1.0	1.0	1.0	1.0	1.0	1.0	0.9365586442483141	1.0	1.0	1.0	1.0	1.0	0.9568696523388233	1.0	1.0	1.0	1.0	1.0	1.0	1.0	1.0	1.0	1.0	1.0	1.0	1.0	1.0	1.0	1.0	1.0	1.0	1.0	1.0	1.0
26_OFAV_001	239028	0.6812465189457709	1.0	0	0.4732834563083894	0.386981272218023	0.40848286611135953	0.31756667348029444	0.3804178884849566	0.39763607850241434	0.3681581300917179	0.4163924685120403	0.2386259952552301	0.2864517547223256	0.394467750888959	0.32593996085786087	0.14099109753735817	0.3973981764981035	0.3891225960201236	0.9731968611844799	0.9669749890856408	0.9637045060192775	0.9579624702547167	0.9657677729628532	0.9344074819742029	0.6509710432642527	0.6459219369546315	0.9634719946422423	0.9549520231303222	0.9638138818734029	0.9619626087095899	0.9587222999438177	0.9645799195428388	0.9668154233791709	0.9562465675714906	0.9576271626222668	1.0	0.2973775228828534	0.2500043111069437	0.3224354847801658	0.31097627867585076	0.3865186997906746	0.4895024640893127	0.39887154753886933	0.43521353885974384	0.3244493367308316	0.3765747976583957	0.39408328051763786	0.2799467392452015	0.3837809427261407	0.28411789769043333	0.5415255842051506
26_OFAV_004	239029	0.5384232094590905	1.0	0.4732834563083894	0	0.19321397392433973	0.1739792721132729	0.27291627163012533	0.27874236383367856	0.2931365027223138	0.2696918856450527	0.27875322282720183	0.3533742888972315	0.2918150837583607	0.24895561625165938	0.3074816558954874	0.40674887238849644	0.17970501353922372	0.24895561625165938	0.9731968611844797	0.9669749890856406	0.9637045060192775	0.9579624702547167	0.9657677729628532	0.9344074819742025	0.5023437355577343	0.639889018803159	0.9634719946422423	0.954952023130322	0.9638138818734029	0.9619626087095899	0.9587222999438174	0.9645799195428388	0.9668154233791709	0.9562465675714904	0.9576271626222668	1.0	0.38696512307788405	0.46703863445794175	0.2909482074254594	0.2976404385056193	0.23812035190965355	0.22161563156469888	0.2567945114014392	0.2931365027223136	0.2666162455738283	0.2860864087076661	0.29230956170616984	0.3001435088414466	0.1978194640634418	0.3066471685528831	0.5916839194204571
26_OFAV_007	239030	0.5928900814916223	1.0	0.386981272218023	0.19321397392433973	0	0.12917245019377524	0.19357676949186547	0.10645556718164065	0.20797315553151102	0.18172325291752506	0.25935392277222985	0.2846351918169991	0.15572900974926224	0.1776564723353962	0.14955118454715927	0.32479908903441257	0.18497784054217137	0.1572875394384817	0.9731968611844799	0.9669749890856406	0.9637045060192774	0.9579624702547168	0.9657677729628531	0.9344074819742029	0.5324646982134431	0.6412457749840964	0.9634719946422423	0.9549520231303222	0.9638138818734029	0.9619626087095902	0.9587222999438176	0.9645799195428388	0.9668154233791709	0.9562465675714906	0.9576271626222668	1.0	0.40566998380198904	0.49363852394377183	0.17200248213974276	0.15406735354642717	0.10517424947383508	0.20133214502854713	0.1230497922823642	0.14625074907702507	0.2052671478192738	0.1047833593759828	0.12773686978107587	0.18303207529991633	0.15347489882654075	0.13932040906758003	0.5685579773720945
3_OFAV_001	239034	0.5452729017979127	1.0	0.40848286611135953	0.1739792721132729	0.12917245019377524	0	0.22628485544504842	0.1905807015528503	0.27799444382355526	0.17109306071930488	0.2136574454067009	0.2828809597165116	0.24166747530917326	0.2365265999585455	0.2211180231621004	0.332596381119889	0.12092806001038497	0.23506942435014774	0.9731968611844801	0.9669749890856408	0.9637045060192774	0.9579624702547169	0.9657677729628531	0.9344074819742029	0.5886526508590104	0.6423785756737985	0.9634719946422421	0.9549520231303222	0.9638138818734031	0.9619626087095899	0.9587222999438176	0.964579919542839	0.9668154233791709	0.9562465675714902	0.9576271626222668	1.0	0.35915425563463343	0.4936385239437717	0.27678116810246595	0.19378027596118924	0.22147490415219795	0.22036737683026225	0.19657403522555417	0.22238249565433874	0.2436148640863792	0.21109313258676016	0.18006841456188732	0.2725248126634999	0.23450277930734423	0.22575131485039096	0.5860923655337744
37_OFAV_001	239041	0.6812465189457708	1.0	0.31756667348029444	0.27291627163012533	0.19357676949186547	0.22628485544504842	0	0.2025159316902337	0.21901743406881638	0.15095693067271235	0.3242505784565574	0.19721838180272502	0.12126795034141608	0.24330296846561925	0.20184316504935287	0.20854505259396225	0.3007043107724165	0.24330296846561925	0.9731968611844799	0.9669749890856405	0.9637045060192773	0.9579624702547169	0.9657677729628532	0.9344074819742029	0.5296969198996407	0.6314454956561057	0.9634719946422421	0.954952023130322	0.9638138818734029	0.9619626087095898	0.9587222999438176	0.9645799195428388	0.9668154233791709	0.9562465675714906	0.9576271626222668	1.0	0.3901299750074755	0.3743687552080026	0.2509485412873581	0.1379956469410312	0.16176556593973349	0.33766478590145227	0.2117168882184136	0.23752534864719818	0.24514985749192	0.18892729887893522	0.19287199552256576	0.16208255657940634	0.207545748409213	0.16768340749360516	0.5855399246590819
37_OFAV_002	239042	0.6812465189457709	1.0	0.3804178884849566	0.27874236383367856	0.10645556718164065	0.1905807015528503	0.2025159316902337	0	0.17566564462157525	0.13966252602596077	0.3477103602263783	0.28229199323054377	0.12430539010692794	0.13685114487570882	0.16530711568819625	0.3346949356375367	0.2693125237671523	0.13596804654876163	0.9731968611844799	0.9669749890856408	0.9637045060192774	0.9579624702547168	0.9657677729628531	0.9344074819742029	0.5072918710609273	0.6412457749840964	0.9634719946422423	0.9549520231303222	0.9638138818734029	0.9619626087095899	0.9587222999438176	0.9645799195428388	0.9668154233791709	0.9562465675714904	0.9576271626222668	1.0	0.4886040258022668	0.49363852394377156	0.14448645640077165	0.19849246034971657	0.09763797962146308	0.27761331384503135	0.08644302517381051	0.11567736128257268	0.20012136764618924	0.0744817876644536	0.09450988638269567	0.17191683757759166	0.10834760599696105	0.155076340208617	0.562307184882276
38_OFAV_004	239051	0.681246518945771	1.0	0.39763607850241434	0.2931365027223138	0.20797315553151102	0.27799444382355526	0.21901743406881638	0.17566564462157525	0	0.1250296372084602	0.39337328200877325	0.2762531580205751	0.1868962210902834	0.16215340095863978	0.25417417187229524	0.3696870554567315	0.27523036065816286	0.15106643781723375	0.9731968611844799	0.9669749890856408	0.9637045060192775	0.9579624702547168	0.9657677729628529	0.9344074819742029	0.5068477941300675	0.6467751622550912	0.9634719946422421	0.954952023130322	0.9638138818734029	0.9619626087095898	0.9587222999438176	0.9645799195428388	0.9668154233791709	0.9562465675714904	0.9576271626222668	1.0	0.485264362963628	0.4552078382859823	0.19703469357488054	0.24022974215944373	0.19773796857500595	0.28558031771576586	0.13626549624942014	0.12998361885641802	0.2107745828663444	0.19185280842606767	0.22445753514602865	0.19103071707667132	0.14302476665933975	0.21311973865982187	0.5803730419008237
38_OFAV_020a	239052	0.6812465189457706	1.0	0.3681581300917179	0.2696918856450527	0.18172325291752506	0.17109306071930488	0.15095693067271235	0.13966252602596077	0.1250296372084602	0	0.3298153391893215	0.24439517597107388	0.1520319462789146	0.19407788911300586	0.19680818213310067	0.3075716909830041	0.2635955301540894	0.19154441998756083	0.9731968611844799	0.9669749890856408	0.9637045060192773	0.9579624702547169	0.9657677729628531	0.9344074819742029	0.551986081525666	0.6412457749840964	0.9634719946422423	0.9549520231303222	0.9638138818734029	0.9619626087095899	0.9587222999438176	0.9645799195428386	0.9668154233791709	0.9562465675714904	0.9576271626222668	1.0	0.45139493070113196	0.45642942884263704	0.2215415123670155	0.19013767910959278	0.18521138224337463	0.32632220546722135	0.1526023934922449	0.1889443848131193	0.20267520157808724	0.18172325291752495	0.14788776169123247	0.19578259375817997	0.18687641426415288	0.16076973481748025	0.5717935833280413
39_OFAV_001a	239057	0.4905034930598679	1.0	0.4163924685120403	0.27875322282720183	0.25935392277222985	0.2136574454067009	0.3242505784565574	0.3477103602263783	0.39337328200877325	0.3298153391893215	0	0.3503917044408962	0.3477290738640626	0.37303959189929	0.35058978675516617	0.3845305289838632	0.16477982449861267	0.37303959189929	0.9731968611844801	0.9669749890856406	0.9637045060192773	0.9579624702547167	0.9657677729628532	0.9344074819742028	0.654555336199781	0.6528242087890712	0.9634719946422424	0.954952023130322	0.9638138818734027	0.9619626087095898	0.9587222999438176	0.964579919542839	0.9668154233791709	0.9562465675714904	0.9576271626222668	1.0	0.3266156098254014	0.504563334535876	0.37303959189929004	0.31645060705247424	0.34771036022637836	0.2763006428949835	0.35703129068789885	0.39337328200877336	0.37303959189929	0.34771036022637825	0.3522430236666673	0.37303959189929004	0.3730395918992901	0.3477103602263783	0.6073860051314377
4_OFAV_007	239065	0.6813632110411735	1.0	0.2386259952552301	0.3533742888972315	0.2846351918169991	0.2828809597165116	0.19721838180272502	0.28229199323054377	0.2762531580205751	0.24439517597107388	0.3503917044408962	0	0.20332617280997284	0.300803960134796	0.2828647510078832	0.16459569865543788	0.28577629315989045	0.27278745450218334	0.9731968611844801	0.9669749890856407	0.9637045060192774	0.9579624702547169	0.9657677729628532	0.9344074819742029	0.6119277949561497	0.6327997574440025	0.9634719946422423	0.954952023130322	0.9638138818734029	0.9619626087095902	0.9587222999438176	0.9645799195428386	0.9668154233791709	0.9562465675714906	0.9576271626222665	1.0	0.32779299641546494	0.3143323838226151	0.31099979781869286	0.20036946714502338	0.2664020550746307	0.41290521311128014	0.2532225125474992	0.2840933736794627	0.2762180682869473	0.2831795324480965	0.29310492791738496	0.20909155441180083	0.25107687600117234	0.2475296145382414	0.6082399189724526
43_OFAV_011	239071	0.6812465189457708	1.0	0.2864517547223256	0.2918150837583607	0.15572900974926224	0.24166747530917326	0.12126795034141608	0.12430539010692794	0.1868962210902834	0.1520319462789146	0.3477290738640626	0.20332617280997284	0	0.16699049494840185	0.19504515034163292	0.23573361432248613	0.3012867412108391	0.19072191041410347	0.9731968611844799	0.9669749890856408	0.9637045060192774	0.9579624702547167	0.9657677729628531	0.9344074819742029	0.49988311290171916	0.6412457749840963	0.9634719946422421	0.9549520231303222	0.9638138818734029	0.9619626087095899	0.9587222999438176	0.964579919542839	0.9668154233791709	0.9562465675714906	0.9576271626222668	1.0	0.39973778221400535	0.37778901176873253	0.16525786262376446	0.14371192205132133	0.12422017849232728	0.3320952363764717	0.13276805996527807	0.169138602758252	0.23378507229338666	0.11657502160742064	0.17101328709625335	0.10927885726477082	0.15430279514445264	0.14768006232889214	0.5612600651095955
6_OFAV_001	239077	0.6812465189457709	1.0	0.394467750888959	0.24895561625165938	0.1776564723353962	0.2365265999585455	0.24330296846561925	0.13685114487570882	0.16215340095863978	0.19407788911300586	0.37303959189929	0.300803960134796	0.16699049494840185	0	0.2330884910323669	0.38530308514960016	0.26360484946039825	0.12429960862066015	0.9731968611844799	0.9669749890856406	0.9637045060192775	0.9579624702547169	0.9657677729628532	0.9344074819742029	0.4720130477834171	0.6412457749840966	0.9634719946422423	0.9549520231303222	0.9638138818734031	0.9619626087095899	0.9587222999438176	0.9645799195428388	0.9668154233791709	0.9562465675714906	0.9576271626222668	1.0	0.4886040258022668	0.4936385239437716	0.1613350492207647	0.2659610417530153	0.13623744667161125	0.29251124223492714	0.07174148607333039	0.09905027130933508	0.19200227006753598	0.13508131264687603	0.2017867108254407	0.19859838220550483	0.10455675035507396	0.22624279494866764	0.5746334997090066
6_OFAV_020	239078	0.634901244771243	1.0	0.32593996085786087	0.3074816558954874	0.14955118454715927	0.2211180231621004	0.20184316504935287	0.16530711568819625	0.25417417187229524	0.19680818213310067	0.35058978675516617	0.2828647510078832	0.19504515034163292	0.2330884910323669	0	0.26297833422742395	0.2695435572958702	0.20319837811872526	0.9731968611844801	0.9669749890856408	0.9637045060192775	0.9579624702547168	0.9657677729628532	0.9344074819742029	0.5531678610627055	0.6412457749840963	0.9634719946422423	0.954952023130322	0.9638138818734027	0.9619626087095898	0.9587222999438174	0.9645799195428388	0.9668154233791709	0.9562465675714904	0.9576271626222668	1.0	0.43555138601348664	0.4936385239437717	0.12399440235011851	0.18409689311330724	0.1496138552312212	0.31896866694229026	0.17847734928335754	0.19954040767930706	0.13487745873346696	0.13858754660955167	0.15548306405009368	0.2053932888368429	0.20416130225198634	0.06478851378096583	0.5032244250861345
ABE_OFAV_001	239083	0.6401172236999572	1.0	0.14099109753735817	0.40674887238849644	0.32479908903441257	0.332596381119889	0.20854505259396225	0.3346949356375367	0.3696870554567315	0.3075716909830041	0.3845305289838632	0.16459569865543788	0.23573361432248613	0.38530308514960016	0.26297833422742395	0	0.3754819724129222	0.3754819724129223	0.9731968611844801	0.9669749890856407	0.9637045060192775	0.9579624702547168	0.9657677729628531	0.9344074819742028	0.601792124351218	0.6386597573678658	0.9634719946422421	0.954952023130322	0.9638138818734029	0.9619626087095902	0.9587222999438176	0.964579919542839	0.9668154233791709	0.9562465675714904	0.9576271626222668	1.0	0.2476921794983387	0.24107173759529868	0.3136612176059338	0.2396570525876591	0.2876728696863455	0.45147182495928945	0.336444411607287	0.35854664941679565	0.31366121760593374	0.32479908903441246	0.32479908903441235	0.27357372900603016	0.33835575306485544	0.22494900353472602	0.5693582660011376
ABE_OFAV_002	239084	0.5013242280292161	1.0	0.3973981764981035	0.17970501353922372	0.18497784054217137	0.12092806001038497	0.3007043107724165	0.2693125237671523	0.27523036065816286	0.2635955301540894	0.16477982449861267	0.28577629315989045	0.3012867412108391	0.26360484946039825	0.2695435572958702	0.3754819724129222	0	0.21531521498857337	0.97319686118448	0.9669749890856406	0.9637045060192775	0.9579624702547167	0.9657677729628529	0.9344074819742029	0.6011568333595113	0.6471694423962517	0.9634719946422423	0.954952023130322	0.9638138818734029	0.9619626087095899	0.9587222999438176	0.9645799195428392	0.9668154233791709	0.9562465675714906	0.9576271626222668	1.0	0.3284233261936472	0.49363852394377183	0.2523790917747617	0.21556272929862297	0.28291949489305723	0.1792164592043342	0.24462343500754954	0.27622002429558884	0.21600325957062114	0.27020006298470506	0.2750271347169744	0.24812273633579543	0.23499045462088974	0.2784855557239435	0.5970639802847338
ABE_OFAV_003	239085	0.6812465189457709	1.0	0.3891225960201236	0.24895561625165938	0.1572875394384817	0.23506942435014774	0.24330296846561925	0.13596804654876163	0.15106643781723375	0.19154441998756083	0.37303959189929	0.27278745450218334	0.19072191041410347	0.12429960862066015	0.20319837811872526	0.3754819724129223	0.21531521498857337	0	0.9731968611844801	0.9669749890856406	0.9637045060192774	0.9579624702547169	0.9657677729628533	0.9344074819742029	0.5217984587901832	0.642863709405717	0.9634719946422421	0.954952023130322	0.9638138818734029	0.9619626087095899	0.9587222999438177	0.9645799195428388	0.9668154233791709	0.9562465675714904	0.9576271626222668	1.0	0.4886040258022668	0.4936385239437717	0.12675968360756695	0.20330040620908457	0.16268623754612707	0.28137852760269083	0.11234626920417114	0.1439428584922105	0.12946036108828943	0.15523831881787523	0.1808197771473495	0.1442357281070314	0.10523323881713469	0.20114667366352537	0.5764615890514494
BDA_011	239094	0.9731968611844799	1.0	0.9731968611844799	0.9731968611844797	0.9731968611844799	0.9731968611844801	0.9731968611844799	0.9731968611844799	0.9731968611844799	0.9731968611844799	0.9731968611844801	0.9731968611844801	0.9731968611844799	0.9731968611844799	0.9731968611844801	0.9731968611844801	0.97319686118448	0.9731968611844801	0	0.4622492891881179	0.5261842617953633	0.4364777872103506	0.4776174449846424	0.5705232695587775	0.9731968611844799	0.9731968611844799	0.4609430555240262	0.45748141278831356	0.44338998099944754	0.6606940478747456	0.4228791256865884	0.40648127413117885	0.3968044902607812	0.5015568195028409	0.4033787556197922	0.5071511243377348	0.9731968611844801	0.9731968611844801	0.9731968611844799	0.9731968611844801	0.9731968611844799	0.9731968611844801	0.9731968611844801	0.9731968611844799	0.9731968611844801	0.9731968611844801	0.9731968611844801	0.9731968611844799	0.9731968611844801	0.9731968611844799	0.9731968611844799
BDA_032	239109	0.9669749890856408	1.0	0.9669749890856408	0.9669749890856406	0.9669749890856406	0.9669749890856408	0.9669749890856405	0.9669749890856408	0.9669749890856408	0.9669749890856408	0.9669749890856406	0.9669749890856407	0.9669749890856408	0.9669749890856406	0.9669749890856408	0.9669749890856407	0.9669749890856406	0.9669749890856406	0.4622492891881179	0	0.1942709498002036	0.3914957297454066	0.5376101597549431	0.6015516062896924	0.9669749890856408	0.9669749890856408	0.4684281253340952	0.37222946302454657	0.390823665776049	0.6328853912369209	0.3863093046269493	0.4200608138425324	0.4312098505591195	0.4977495880132571	0.39667250707722473	0.6060340308787658	0.9669749890856408	0.9669749890856408	0.9669749890856408	0.9669749890856405	0.9669749890856406	0.9669749890856408	0.9669749890856408	0.9669749890856408	0.9669749890856406	0.9669749890856408	0.9669749890856408	0.9669749890856408	0.9669749890856408	0.9669749890856406	0.9669749890856408
BDA_035	239111	0.9637045060192773	1.0	0.9637045060192775	0.9637045060192775	0.9637045060192774	0.9637045060192774	0.9637045060192773	0.9637045060192774	0.9637045060192775	0.9637045060192773	0.9637045060192773	0.9637045060192774	0.9637045060192774	0.9637045060192775	0.9637045060192775	0.9637045060192775	0.9637045060192775	0.9637045060192774	0.5261842617953633	0.1942709498002036	0	0.4325678651151776	0.5373130255639658	0.6301850501379987	0.9637045060192775	0.9637045060192775	0.5319890228188114	0.4167398231144807	0.4277556814715592	0.6856686658556338	0.48265673803256604	0.5201505320871062	0.47548619060048447	0.48760281623106505	0.5005964255020641	0.6179713695604379	0.9637045060192775	0.9637045060192775	0.9637045060192774	0.9637045060192775	0.9637045060192774	0.9637045060192774	0.9637045060192775	0.9637045060192777	0.9637045060192775	0.9637045060192775	0.9637045060192774	0.9637045060192775	0.9637045060192775	0.9637045060192777	0.9637045060192774
BDA_043	239118	0.9579624702547169	1.0	0.9579624702547167	0.9579624702547167	0.9579624702547168	0.9579624702547169	0.9579624702547169	0.9579624702547168	0.9579624702547168	0.9579624702547169	0.9579624702547167	0.9579624702547169	0.9579624702547167	0.9579624702547169	0.9579624702547168	0.9579624702547168	0.9579624702547167	0.9579624702547169	0.4364777872103506	0.3914957297454066	0.4325678651151776	0	0.35300170697643174	0.4310613559548492	0.9579624702547168	0.9579624702547169	0.34100320857004635	0.17354171158674725	0.14514283985092005	0.5858437620091735	0.1790475676312599	0.30733913214817665	0.3291191577226984	0.35311330850091327	0.24153288007495102	0.44768135994515595	0.9579624702547169	0.9579624702547169	0.9579624702547169	0.9579624702547168	0.9579624702547171	0.9579624702547169	0.9579624702547167	0.9579624702547169	0.9579624702547169	0.9579624702547167	0.9579624702547168	0.9579624702547169	0.9579624702547169	0.9579624702547168	0.9579624702547171
BDA_109	239176	0.9657677729628531	1.0	0.9657677729628532	0.9657677729628532	0.9657677729628531	0.9657677729628531	0.9657677729628532	0.9657677729628531	0.9657677729628529	0.9657677729628531	0.9657677729628532	0.9657677729628532	0.9657677729628531	0.9657677729628532	0.9657677729628532	0.9657677729628531	0.9657677729628529	0.9657677729628533	0.4776174449846424	0.5376101597549431	0.5373130255639658	0.35300170697643174	0	0.5427621236868669	0.9657677729628533	0.9657677729628531	0.4359289358686301	0.3583206019076839	0.38114937805492544	0.6231865105911093	0.4118318399390964	0.44421916641140613	0.35936617600469617	0.43145412870160343	0.39695615529858147	0.4030428272942862	0.9657677729628532	0.9657677729628532	0.9657677729628531	0.9657677729628531	0.9657677729628532	0.9657677729628531	0.9657677729628533	0.9657677729628533	0.9657677729628532	0.9657677729628532	0.9657677729628529	0.9657677729628532	0.9657677729628531	0.9657677729628531	0.9657677729628533
BDA_130	239194	0.8917173495990947	0.9365586442483141	0.9344074819742029	0.9344074819742025	0.9344074819742029	0.9344074819742029	0.9344074819742029	0.9344074819742029	0.9344074819742029	0.9344074819742029	0.9344074819742028	0.9344074819742029	0.9344074819742029	0.9344074819742029	0.9344074819742029	0.9344074819742028	0.9344074819742029	0.9344074819742029	0.5705232695587775	0.6015516062896924	0.6301850501379987	0.4310613559548492	0.5427621236868669	0	0.9344074819742028	0.9344074819742028	0.4622253183480919	0.4422176269959704	0.41601344700910164	0.37072808298487486	0.4304750684349342	0.5097580897376981	0.501159487349157	0.5701683647445241	0.47318141830391824	0.5799273638266345	0.9344074819742029	0.9344074819742029	0.9344074819742029	0.9344074819742029	0.9344074819742029	0.9344074819742029	0.9344074819742029	0.9344074819742025	0.9344074819742029	0.9344074819742029	0.9344074819742029	0.9344074819742028	0.9344074819742029	0.9344074819742029	0.9344074819742028
BDA_135	239198	0.8360454356154953	1.0	0.6509710432642527	0.5023437355577343	0.5324646982134431	0.5886526508590104	0.5296969198996407	0.5072918710609273	0.5068477941300675	0.551986081525666	0.654555336199781	0.6119277949561497	0.49988311290171916	0.4720130477834171	0.5531678610627055	0.601792124351218	0.6011568333595113	0.5217984587901832	0.9731968611844799	0.9669749890856408	0.9637045060192775	0.9579624702547168	0.9657677729628533	0.9344074819742028	0	0.7259638223055129	0.9634719946422423	0.9549520231303222	0.9638138818734029	0.9619626087095899	0.9587222999438177	0.9645799195428388	0.9668154233791709	0.9562465675714904	0.9576271626222668	1.0	0.6813453191344333	0.6188751618882042	0.49573830669357477	0.5771331764645476	0.4345750282217971	0.5601804238293575	0.47258343480042614	0.4717213884399239	0.5569162565901568	0.48597788696731414	0.530029426583337	0.5300792018736603	0.45407338784561924	0.5452353476910887	0.7536864702587289
BDA_137	239200	0.7525720719077905	1.0	0.6459219369546315	0.639889018803159	0.6412457749840964	0.6423785756737985	0.6314454956561057	0.6412457749840964	0.6467751622550912	0.6412457749840964	0.6528242087890712	0.6327997574440025	0.6412457749840963	0.6412457749840966	0.6412457749840963	0.6386597573678658	0.6471694423962517	0.642863709405717	0.9731968611844799	0.9669749890856408	0.9637045060192775	0.9579624702547169	0.9657677729628531	0.9344074819742028	0.7259638223055129	0	0.9634719946422421	0.9549520231303222	0.9638138818734027	0.9619626087095898	0.9587222999438174	0.964579919542839	0.9668154233791709	0.9562465675714904	0.9576271626222668	1.0	0.6136997555084132	0.6397742368198731	0.6412457749840964	0.6469634558872054	0.6230487540125306	0.7002108621842004	0.6412457749840965	0.6412457749840965	0.6478574869782996	0.6412457749840964	0.644267662598518	0.6418333413282898	0.6230487540125308	0.6412457749840962	0.5327474266936957
BDA_139	239202	0.9634719946422423	1.0	0.9634719946422423	0.9634719946422423	0.9634719946422423	0.9634719946422421	0.9634719946422421	0.9634719946422423	0.9634719946422421	0.9634719946422423	0.9634719946422424	0.9634719946422423	0.9634719946422421	0.9634719946422423	0.9634719946422423	0.9634719946422421	0.9634719946422423	0.9634719946422421	0.4609430555240262	0.4684281253340952	0.5319890228188114	0.34100320857004635	0.4359289358686301	0.4622253183480919	0.9634719946422423	0.9634719946422421	0	0.3057116066123983	0.2784827158248085	0.5571665573183925	0.2931005001062095	0.30158002711512627	0.354714611342657	0.44222461983920575	0.2458623849093588	0.5039720877110615	0.9634719946422425	0.9634719946422423	0.9634719946422423	0.9634719946422423	0.9634719946422423	0.9634719946422423	0.9634719946422423	0.9634719946422421	0.9634719946422421	0.9634719946422421	0.9634719946422423	0.9634719946422423	0.9634719946422423	0.9634719946422425	0.9634719946422423
BDA_144	239205	0.954952023130322	1.0	0.9549520231303222	0.954952023130322	0.9549520231303222	0.9549520231303222	0.954952023130322	0.9549520231303222	0.954952023130322	0.9549520231303222	0.954952023130322	0.954952023130322	0.9549520231303222	0.9549520231303222	0.954952023130322	0.954952023130322	0.954952023130322	0.954952023130322	0.45748141278831356	0.37222946302454657	0.4167398231144807	0.17354171158674725	0.3583206019076839	0.4422176269959704	0.9549520231303222	0.9549520231303222	0.3057116066123983	0	0.1650337242984261	0.5805584892181628	0.2251747895983657	0.2895785762747843	0.34243229239275774	0.352510037494618	0.21634099312940916	0.44526121120355977	0.954952023130322	0.9549520231303222	0.954952023130322	0.954952023130322	0.9549520231303222	0.954952023130322	0.954952023130322	0.9549520231303222	0.9549520231303222	0.954952023130322	0.954952023130322	0.954952023130322	0.954952023130322	0.954952023130322	0.954952023130322
BDA_158	239215	0.9638138818734029	1.0	0.9638138818734029	0.9638138818734029	0.9638138818734029	0.9638138818734031	0.9638138818734029	0.9638138818734029	0.9638138818734029	0.9638138818734029	0.9638138818734027	0.9638138818734029	0.9638138818734029	0.9638138818734031	0.9638138818734027	0.9638138818734029	0.9638138818734029	0.9638138818734029	0.44338998099944754	0.390823665776049	0.4277556814715592	0.14514283985092005	0.38114937805492544	0.41601344700910164	0.9638138818734029	0.9638138818734027	0.2784827158248085	0.1650337242984261	0	0.5824097623819757	0.17106162774995523	0.2916840405943872	0.32877590603582135	0.36636270451178754	0.21284317886163143	0.4490587826750995	0.9638138818734029	0.9638138818734029	0.9638138818734029	0.9638138818734031	0.9638138818734029	0.9638138818734029	0.9638138818734029	0.9638138818734029	0.9638138818734029	0.9638138818734027	0.9638138818734029	0.9638138818734029	0.9638138818734027	0.9638138818734029	0.9638138818734027
BDA_177	239233	0.9192724763344817	0.9568696523388233	0.9619626087095899	0.9619626087095899	0.9619626087095902	0.9619626087095899	0.9619626087095898	0.9619626087095899	0.9619626087095898	0.9619626087095899	0.9619626087095898	0.9619626087095902	0.9619626087095899	0.9619626087095899	0.9619626087095898	0.9619626087095902	0.9619626087095899	0.9619626087095899	0.6606940478747456	0.6328853912369209	0.6856686658556338	0.5858437620091735	0.6231865105911093	0.37072808298487486	0.9619626087095899	0.9619626087095898	0.5571665573183925	0.5805584892181628	0.5824097623819757	0	0.5556571713857402	0.5768348286865305	0.5682578402049042	0.6391453318327032	0.5742175178532819	0.6812865482095731	0.9619626087095899	0.9619626087095899	0.9619626087095902	0.9619626087095902	0.9619626087095899	0.9619626087095899	0.9619626087095899	0.9619626087095899	0.9619626087095899	0.9619626087095899	0.9619626087095899	0.9619626087095898	0.9619626087095898	0.9619626087095899	0.9619626087095899
BDA_207	239257	0.9587222999438176	1.0	0.9587222999438177	0.9587222999438174	0.9587222999438176	0.9587222999438176	0.9587222999438176	0.9587222999438176	0.9587222999438176	0.9587222999438176	0.9587222999438176	0.9587222999438176	0.9587222999438176	0.9587222999438176	0.9587222999438174	0.9587222999438176	0.9587222999438176	0.9587222999438177	0.4228791256865884	0.3863093046269493	0.48265673803256604	0.1790475676312599	0.4118318399390964	0.4304750684349342	0.9587222999438177	0.9587222999438174	0.2931005001062095	0.2251747895983657	0.17106162774995523	0.5556571713857402	0	0.25413695671214753	0.28426598399696834	0.3912870863544604	0.18761681949833112	0.4813204154983495	0.9587222999438176	0.9587222999438174	0.9587222999438176	0.9587222999438176	0.9587222999438174	0.9587222999438176	0.9587222999438177	0.9587222999438176	0.9587222999438176	0.9587222999438174	0.9587222999438176	0.9587222999438174	0.9587222999438176	0.9587222999438176	0.9587222999438177
BDA_211	239261	0.9645799195428388	1.0	0.9645799195428388	0.9645799195428388	0.9645799195428388	0.964579919542839	0.9645799195428388	0.9645799195428388	0.9645799195428388	0.9645799195428386	0.964579919542839	0.9645799195428386	0.964579919542839	0.9645799195428388	0.9645799195428388	0.964579919542839	0.9645799195428392	0.9645799195428388	0.40648127413117885	0.4200608138425324	0.5201505320871062	0.30733913214817665	0.44421916641140613	0.5097580897376981	0.9645799195428388	0.964579919542839	0.30158002711512627	0.2895785762747843	0.2916840405943872	0.5768348286865305	0.25413695671214753	0	0.3100643717417348	0.38765104065637046	0.17507967377162478	0.4651602215048115	0.9645799195428388	0.9645799195428386	0.9645799195428386	0.9645799195428388	0.9645799195428388	0.9645799195428386	0.9645799195428388	0.9645799195428388	0.9645799195428388	0.9645799195428386	0.9645799195428388	0.9645799195428388	0.9645799195428386	0.9645799195428386	0.9645799195428386
BDA_239	239280	0.966815423379171	1.0	0.9668154233791709	0.9668154233791709	0.9668154233791709	0.9668154233791709	0.9668154233791709	0.9668154233791709	0.9668154233791709	0.9668154233791709	0.9668154233791709	0.9668154233791709	0.9668154233791709	0.9668154233791709	0.9668154233791709	0.9668154233791709	0.9668154233791709	0.9668154233791709	0.3968044902607812	0.4312098505591195	0.47548619060048447	0.3291191577226984	0.35936617600469617	0.501159487349157	0.9668154233791709	0.9668154233791709	0.354714611342657	0.34243229239275774	0.32877590603582135	0.5682578402049042	0.28426598399696834	0.3100643717417348	0	0.3763885469848057	0.2659808324924636	0.37362139631601526	0.9668154233791709	0.9668154233791709	0.9668154233791709	0.9668154233791709	0.9668154233791709	0.9668154233791709	0.9668154233791709	0.9668154233791709	0.9668154233791709	0.9668154233791709	0.9668154233791709	0.9668154233791709	0.9668154233791709	0.9668154233791709	0.9668154233791709
BDA_254	239287	0.9562465675714904	1.0	0.9562465675714906	0.9562465675714904	0.9562465675714906	0.9562465675714902	0.9562465675714906	0.9562465675714904	0.9562465675714904	0.9562465675714904	0.9562465675714904	0.9562465675714906	0.9562465675714906	0.9562465675714906	0.9562465675714904	0.9562465675714904	0.9562465675714906	0.9562465675714904	0.5015568195028409	0.4977495880132571	0.48760281623106505	0.35311330850091327	0.43145412870160343	0.5701683647445241	0.9562465675714904	0.9562465675714904	0.44222461983920575	0.352510037494618	0.36636270451178754	0.6391453318327032	0.3912870863544604	0.38765104065637046	0.3763885469848057	0	0.403152081578481	0.46823222586047925	0.9562465675714904	0.9562465675714904	0.9562465675714904	0.9562465675714904	0.9562465675714904	0.9562465675714902	0.9562465675714902	0.9562465675714902	0.9562465675714902	0.9562465675714902	0.9562465675714904	0.9562465675714904	0.9562465675714904	0.9562465675714904	0.9562465675714904
BDA_264	239291	0.9576271626222668	1.0	0.9576271626222668	0.9576271626222668	0.9576271626222668	0.9576271626222668	0.9576271626222668	0.9576271626222668	0.9576271626222668	0.9576271626222668	0.9576271626222668	0.9576271626222665	0.9576271626222668	0.9576271626222668	0.9576271626222668	0.9576271626222668	0.9576271626222668	0.9576271626222668	0.4033787556197922	0.39667250707722473	0.5005964255020641	0.24153288007495102	0.39695615529858147	0.47318141830391824	0.9576271626222668	0.9576271626222668	0.2458623849093588	0.21634099312940916	0.21284317886163143	0.5742175178532819	0.18761681949833112	0.17507967377162478	0.2659808324924636	0.403152081578481	0	0.3959727906455734	0.9576271626222668	0.9576271626222668	0.9576271626222668	0.9576271626222668	0.9576271626222668	0.9576271626222668	0.9576271626222668	0.9576271626222668	0.9576271626222668	0.9576271626222668	0.9576271626222668	0.9576271626222668	0.9576271626222668	0.9576271626222668	0.9576271626222668
BDA_275	239300	1.0	1.0	1.0	1.0	1.0	1.0	1.0	1.0	1.0	1.0	1.0	1.0	1.0	1.0	1.0	1.0	1.0	1.0	0.5071511243377348	0.6060340308787658	0.6179713695604379	0.44768135994515595	0.4030428272942862	0.5799273638266345	1.0	1.0	0.5039720877110615	0.44526121120355977	0.4490587826750995	0.6812865482095731	0.4813204154983495	0.4651602215048115	0.37362139631601526	0.46823222586047925	0.3959727906455734	0	1.0	1.0	1.0	1.0	1.0	1.0	1.0	1.0	1.0	1.0	1.0	1.0	1.0	1.0	1.0
BW24b_OFAV_001	239387	0.5074587435555568	1.0	0.2973775228828534	0.38696512307788405	0.40566998380198904	0.35915425563463343	0.3901299750074755	0.4886040258022668	0.485264362963628	0.45139493070113196	0.3266156098254014	0.32779299641546494	0.39973778221400535	0.4886040258022668	0.43555138601348664	0.2476921794983387	0.3284233261936472	0.4886040258022668	0.9731968611844801	0.9669749890856408	0.9637045060192775	0.9579624702547169	0.9657677729628532	0.9344074819742029	0.6813453191344333	0.6136997555084132	0.9634719946422425	0.954952023130322	0.9638138818734029	0.9619626087095899	0.9587222999438176	0.9645799195428388	0.9668154233791709	0.9562465675714904	0.9576271626222668	1.0	0	0.35713464440749415	0.43555138601348653	0.37328668699142786	0.46563155890481245	0.4279025226843938	0.4886040258022668	0.5236950486214174	0.4355513860134866	0.48860402580226664	0.4886040258022668	0.4026963899801819	0.4656315589048124	0.39752205532078866	0.6033330732094156
BW5_OFAV_005	239394	0.6898115424143333	1.0	0.2500043111069437	0.46703863445794175	0.49363852394377183	0.4936385239437717	0.3743687552080026	0.49363852394377156	0.4552078382859823	0.45642942884263704	0.504563334535876	0.3143323838226151	0.37778901176873253	0.4936385239437716	0.4936385239437717	0.24107173759529868	0.49363852394377183	0.4936385239437717	0.9731968611844801	0.9669749890856408	0.9637045060192775	0.9579624702547169	0.9657677729628532	0.9344074819742029	0.6188751618882042	0.6397742368198731	0.9634719946422423	0.9549520231303222	0.9638138818734029	0.9619626087095899	0.9587222999438174	0.9645799195428386	0.9668154233791709	0.9562465675714904	0.9576271626222668	1.0	0.35713464440749415	0	0.49363852394377183	0.4084964874970185	0.4669238524746558	0.535878128336533	0.4936385239437717	0.4936385239437717	0.4936385239437717	0.4936385239437717	0.4936385239437717	0.3917302805368796	0.4669238524746559	0.4556091932510738	0.6395154115511456
CS_DLAB_006	239405	0.6349012447712429	1.0	0.3224354847801658	0.2909482074254594	0.17200248213974276	0.27678116810246595	0.2509485412873581	0.14448645640077165	0.19703469357488054	0.2215415123670155	0.37303959189929004	0.31099979781869286	0.16525786262376446	0.1613350492207647	0.12399440235011851	0.3136612176059338	0.2523790917747617	0.12675968360756695	0.9731968611844799	0.9669749890856408	0.9637045060192774	0.9579624702547169	0.9657677729628531	0.9344074819742029	0.49573830669357477	0.6412457749840964	0.9634719946422423	0.954952023130322	0.9638138818734029	0.9619626087095902	0.9587222999438176	0.9645799195428386	0.9668154233791709	0.9562465675714904	0.9576271626222668	1.0	0.43555138601348653	0.49363852394377183	0	0.18586195940351538	0.141865205307803	0.3081492555775136	0.1478581257365252	0.1794547150245646	0.08587608545206411	0.13478278228679708	0.18718386686265615	0.12979580998176588	0.13584260259063502	0.11884789556851033	0.4934279630272949
Green_Can_OFAV_071	239697	0.6444605866591857	1.0	0.31097627867585076	0.2976404385056193	0.15406735354642717	0.19378027596118924	0.1379956469410312	0.19849246034971657	0.24022974215944373	0.19013767910959278	0.31645060705247424	0.20036946714502338	0.14371192205132133	0.2659610417530153	0.18409689311330724	0.2396570525876591	0.21556272929862297	0.20330040620908457	0.9731968611844801	0.9669749890856405	0.9637045060192775	0.9579624702547168	0.9657677729628531	0.9344074819742029	0.5771331764645476	0.6469634558872054	0.9634719946422423	0.954952023130322	0.9638138818734031	0.9619626087095902	0.9587222999438176	0.9645799195428388	0.9668154233791709	0.9562465675714904	0.9576271626222668	1.0	0.37328668699142786	0.4084964874970185	0.18586195940351538	0	0.19747283071049437	0.29946813420187685	0.20901594136098442	0.23007899975693402	0.19961448634891224	0.18939762646410996	0.1942246981963791	0.08982451055477216	0.2373466469135067	0.15500956084868256	0.5874842577421325
JOES_OFAV_004	239704	0.6812465189457708	1.0	0.3865186997906746	0.23812035190965355	0.10517424947383508	0.22147490415219795	0.16176556593973349	0.09763797962146308	0.19773796857500595	0.18521138224337463	0.34771036022637836	0.2664020550746307	0.12422017849232728	0.13623744667161125	0.1496138552312212	0.2876728696863455	0.28291949489305723	0.16268623754612707	0.9731968611844799	0.9669749890856406	0.9637045060192774	0.9579624702547171	0.9657677729628532	0.9344074819742029	0.4345750282217971	0.6230487540125306	0.9634719946422423	0.9549520231303222	0.9638138818734029	0.9619626087095899	0.9587222999438174	0.9645799195428388	0.9668154233791709	0.9562465675714904	0.9576271626222668	1.0	0.46563155890481245	0.4669238524746558	0.141865205307803	0.19747283071049437	0	0.30450629820340486	0.08553094011704483	0.11133940054582944	0.2148523647160111	0.062238656389525394	0.12887779643629085	0.1897692234295226	0.08431793682519836	0.13902619876154435	0.5693108518608756
NC0001_DLAB_005	239724	0.5699360326342522	1.0	0.4895024640893127	0.22161563156469888	0.20133214502854713	0.22036737683026225	0.33766478590145227	0.27761331384503135	0.28558031771576586	0.32632220546722135	0.2763006428949835	0.41290521311128014	0.3320952363764717	0.29251124223492714	0.31896866694229026	0.45147182495928945	0.1792164592043342	0.28137852760269083	0.9731968611844801	0.9669749890856408	0.9637045060192774	0.9579624702547169	0.9657677729628531	0.9344074819742029	0.5601804238293575	0.7002108621842004	0.9634719946422423	0.954952023130322	0.9638138818734029	0.9619626087095899	0.9587222999438176	0.9645799195428386	0.9668154233791709	0.9562465675714902	0.9576271626222668	1.0	0.4279025226843938	0.535878128336533	0.3081492555775136	0.29946813420187685	0.30450629820340486	0	0.27184421204334924	0.26223022320226347	0.3055389998922463	0.29340760502665025	0.3080442323211581	0.3173445569935009	0.28776073224330234	0.3238482167049374	0.6338087418299326
NC0001_OFAV_003	239727	0.6812465189457709	1.0	0.39887154753886933	0.2567945114014392	0.1230497922823642	0.19657403522555417	0.2117168882184136	0.08644302517381051	0.13626549624942014	0.1526023934922449	0.35703129068789885	0.2532225125474992	0.13276805996527807	0.07174148607333039	0.17847734928335754	0.336444411607287	0.24462343500754954	0.11234626920417114	0.9731968611844801	0.9669749890856408	0.9637045060192775	0.9579624702547167	0.9657677729628533	0.9344074819742029	0.47258343480042614	0.6412457749840965	0.9634719946422423	0.954952023130322	0.9638138818734029	0.9619626087095899	0.9587222999438177	0.9645799195428388	0.9668154233791709	0.9562465675714902	0.9576271626222668	1.0	0.4886040258022668	0.4936385239437717	0.1478581257365252	0.20901594136098442	0.08553094011704483	0.27184421204334924	0	0.036370542792973914	0.18016765721573105	0.08467319294497773	0.14657048336294565	0.1939126561570457	0.09128560857827643	0.17203930627850786	0.5688763960759983
