R306	238936	0.0	0.0049109735811220575	0.00971991509482868	0.0061937852292974944	0.007780577795789679	0.007502720442108276	0.009017932486744026	0.009108544042353386	0.006369670470748602	0.006223451895218066	0.011234577875778707	0.01205379799679828	0.010528879378036978	0.011305993250844328	0.011205495754765963	0.011001179929673133	0.012053466403771489	0.011361791338920528	0.011658986986219148	0.0118580312158221	0.012210417564367297	0.01108896427320431	0.00644978007073973	0.006400049428189831	0.006575046164595448	0.006448524662803264	0.006596706712728395	0.008594929370760278	0.006205000703803196	0.011264047996429258	0.009872450424274693	0.007726026045366357	0.003990152874394213	0.004098028641211773	0.007079206149152132	0.0032378415866597264	0.012625314191203245	0.011898564320856078	0.012103501153254906	0.0069706965513033434	0.01197016087966985	0.006170652111676982	0.0033377391240705886	0.006347929101332261	0.007488816835101946	0.0020010619914239075	0.00774286526521945	0.009020665413466042	0.008753739170859616	0.011621848315604873	0.011730934291712763
26_OFAV_007	239030	0.0049109735811220575	0.0	0.004843865306124384	0.0018201770099963324	0.0033025436502000798	0.0030807686608343337	0.004310223040807428	0.004356745578901561	0.0019301462928920322	0.0017457988789473416	0.006760379631908836	0.0075795997529284065	0.006659246530744268	0.006831795006974457	0.006731297510896092	0.006526981685803261	0.008183691722929856	0.006887593095050658	0.007184788742349276	0.007383832971952229	0.0077362193204974245	0.006614766029334437	0.0015421500811624651	0.0016363359456633545	0.001733861875470188	0.0016479536320970762	0.0020352338743734	0.0041571841080132056	0.0017504594538415368	0.007220340691639742	0.005378698588423862	0.0028783273828171334	0.0012850822446477369	0.0009061756902068181	0.0025244411846589085	0.0017563413853548906	0.008151115947333372	0.007424366076986207	0.007629302909385033	0.0041120870310295335	0.007495313360676621	0.0020455923713482435	0.001958902554987601	0.0022232715778511404	0.0029343620357718796	0.0031937733650543613	0.003267083499997739	0.004543868621980695	0.004630456892256635	0.007752145735704556	0.007256736047842892
37_OFAV_001	239041	0.00971991509482868	0.004843865306124384	0.0	0.0035977876426012746	0.002748737207161456	0.0025911930269400278	0.0009519031150127828	0.0006156606167606948	0.0037082134991589465	0.003507612659265131	0.00850370270344945	0.009322922824469023	0.008402343545321551	0.008575118078515073	0.008474620582436707	0.008270304757343876	0.009927014794470472	0.008630916166591274	0.008928111813889892	0.009127156043492846	0.00947954239203804	0.008358089100875054	0.0033524307311682067	0.003379674809854136	0.003477562451271295	0.003458315585063137	0.0038116793035315967	0.0011406051808084351	0.0035268853170261822	0.002876898152831699	0.0017005670123874323	0.0020237829067940765	0.006061743791374825	0.005694711637446037	0.004300865499774174	0.0065321937487492505	0.009894439018873989	0.009167689148526822	0.009372625980925649	0.004428194865471651	0.0031177838175955545	0.003809612574563873	0.006734228330846936	0.003985118449235256	0.0026823350090407856	0.007790003100126039	0.0035954727730055733	0.006285533165744785	0.00637331500642596	0.009495468807245173	0.009000059119383508
37_OFAV_002	239042	0.0061937852292974944	0.0018201770099963324	0.0035977876426012746	0.0	0.001958393209891825	0.0014049868067100468	0.002963859956656813	0.0030134306955953566	0.0005462955533694676	0.0004024400013303991	0.005417127660893686	0.006236347781913258	0.005315756912189456	0.005488543035959308	0.005388045539880941	0.00518372971478811	0.006840439751914707	0.005544341124035508	0.005841536771334126	0.006040581000937078	0.006392967349482274	0.0052715140583192875	0.00032238228362252674	0.0002901619354006201	0.000453275259607448	0.0003798419395118536	0.0004618545187856357	0.002775357757091134	0.0003786960617368544	0.005409820649532147	0.0036821811087645413	0.0030132283817498884	0.002969618449673198	0.002420919818887362	0.0008859359135641584	0.0034441904039185303	0.006807863976318222	0.006081114105971057	0.006286050938369883	0.00534946286281669	0.006151931444178601	0.00028262909602840637	0.003646685290087026	0.0004553601828737637	0.001295832628067981	0.0048816305909484044	0.0019229628693808146	0.0031943866146404015	0.002859926075292346	0.006408893764689408	0.005913484076827743
38_OFAV_004	239051	0.007780577795789679	0.0033025436502000798	0.002748737207161456	0.001958393209891825	0.0	0.0005560415873249302	0.0022904853939168307	0.0023773035310024012	0.0017594600564308142	0.0015577901132998503	0.006223346718383425	0.007042566839402997	0.006123074643669676	0.0062947806402200825	0.00619426459737068	0.0059899487722778495	0.00764693090236461	0.006350560181525248	0.006647755828823866	0.006846800058426818	0.007199186406972014	0.006077733115809027	0.0018126440344037615	0.0016683286710771272	0.001569602388335334	0.0019184511717884572	0.002252132957621678	0.001914329454471789	0.0015798486230492194	0.004990589584149762	0.003400626054867823	0.002360262710095265	0.004114433292405439	0.004107428773427468	0.0027535186299973854	0.004546393226671525	0.007614083033807962	0.006887333163460796	0.007092269995859623	0.004770991351882807	0.004888471288522026	0.0018719911540913572	0.004453056068283054	0.00204836602545018	0.0011425673675961852	0.006029475196625585	0.0018471386395187447	0.004009576271273323	0.004106511964585566	0.007215112822179147	0.006719703134317483
38_OFAV_020a	239052	0.007502720442108276	0.0030807686608343337	0.0025911930269400278	0.0014049868067100468	0.0005560415873249302	0.0	0.0021695398921762706	0.002226257561364546	0.001812632777266333	0.0016126115603195032	0.0065680377666727414	0.0073872578876923115	0.006466667017968511	0.0066394531417383615	0.006538955645659996	0.006334639820567166	0.007991349857693763	0.0066952512298145625	0.006992446877113182	0.007191491106716134	0.0075438774552613296	0.006422424164098342	0.0015857678220088031	0.0014627377998229288	0.0016382857444077628	0.0016896562632273161	0.0016962276806666255	0.0020346919132853145	0.001629917064915966	0.00477074006024245	0.0029545703435696373	0.0022063586846265285	0.004165508290690479	0.003607705976309169	0.0021976122848833967	0.004601552734156854	0.007958774082097277	0.007232024211750112	0.007436961044148938	0.00457857437381202	0.005296999247676745	0.0015868765470188502	0.0047977674081540415	0.0017592033882252898	0.0006310932830870647	0.0058949826919546715	0.00221796258723513	0.004342880751088713	0.004104213410074257	0.0075598038704684616	0.007064394182606798
4_OFAV_007	239065	0.009017932486744026	0.004310223040807428	0.0009519031150127828	0.002963859956656813	0.0022904853939168307	0.0021695398921762706	0.0	0.00040168547097613265	0.0030039057307372245	0.002804950504769922	0.007818056955863382	0.008637277076882954	0.007716734462749687	0.007889472330929003	0.007788974834850637	0.007584659009757806	0.009241369046884402	0.007945270419005205	0.008242466066303822	0.008441510295906774	0.00879389664445197	0.007672443353288983	0.0028183012538607038	0.00274990905455124	0.0029271289645588982	0.0029239936062633704	0.0032962465605349102	0.0004364009372421428	0.002822498020232665	0.002931523820200543	0.0012136261053864502	0.0014822203485658411	0.005373743324219524	0.0051794064363508896	0.0037853944521864455	0.0058467607904059814	0.009208793271287917	0.008482043400940753	0.008686980233339579	0.003500316335818655	0.0031882771360658303	0.003108829721145145	0.006048975783448265	0.0032841400747283304	0.002147889688918543	0.007284173449823224	0.0029100652499795994	0.005599573990109004	0.005691208159657727	0.008809823059659102	0.008314413371797436
43_OFAV_011	239071	0.009108544042353386	0.004356745578901561	0.0006156606167606948	0.0030134306955953566	0.0023773035310024012	0.002226257561364546	0.00040168547097613265	0.0	0.0030966377796917237	0.0028937523801321864	0.007902658141842808	0.00872187826286238	0.0078019768700908175	0.007974082647272904	0.007873576020830064	0.0076692601957372335	0.009325970232863828	0.008029871604984633	0.008327067252283249	0.008526111481886202	0.008878497830431396	0.007757044539268411	0.002867637304921969	0.002793802679393369	0.0029695738959083636	0.0029734361568078097	0.003341213974675227	0.0005253462545218087	0.002917357104571829	0.0028896886885727653	0.0012624069524542916	0.0015210231816480421	0.005463118791156769	0.005224306443602049	0.0038304301255099307	0.005931195886070328	0.009293394457267345	0.008566644586920179	0.008771581419319007	0.0038923061693768744	0.003139531620504819	0.0032016644441235694	0.00613321126302108	0.003379004655172069	0.0021975768320256737	0.007368668441876742	0.0029957200857136483	0.005690813298492296	0.0057814714906037155	0.00889442424563853	0.008399014557776866
6_OFAV_001	239077	0.006369670470748602	0.0019301462928920322	0.0037082134991589465	0.0005462955533694676	0.0017594600564308142	0.001812632777266333	0.0030039057307372245	0.0030966377796917237	0.0	0.00020319641501524393	0.005217907304478965	0.006037127425498539	0.005117203333293317	0.005289322679544587	0.005188825183466222	0.004984509358373391	0.006641368147111599	0.005345120767620788	0.005642316414919407	0.0058413606445223585	0.006193746993067555	0.005072293701904568	0.0004369451629066824	0.00038576808223822126	0.000561547923825382	0.0005064590361764957	0.0009331173275409417	0.0025761907937628748	0.00018305777777402707	0.005650153199944921	0.004217089768131895	0.003120782545844663	0.0027733915238696183	0.002816583234140299	0.001422348064142071	0.0032450294342623717	0.006608643619903503	0.005881893749556338	0.006086830581955163	0.005569674896699977	0.005953113254367183	0.0005146498710255128	0.0034475465233918443	0.0006915824027185201	0.0018322251998599299	0.004872059563327176	0.0017247854578419882	0.0030017299675511484	0.003098566885925261	0.006209673408274687	0.0057142637204130224
ABE_OFAV_003	239085	0.006223451895218066	0.0017457988789473416	0.003507612659265131	0.0004024400013303991	0.0015577901132998503	0.0016126115603195032	0.002804950504769922	0.0028937523801321864	0.00020319641501524393	0.0	0.005014959541127755	0.005834179662147327	0.004914415934239165	0.005086374916193377	0.004985877420115011	0.00478156159502218	0.006438420383760389	0.0051421730042695785	0.005439368651568195	0.005638412881171149	0.005990799229716345	0.004869345938553357	0.00025670008844504594	0.00018572073785135538	0.0003614309422051586	0.00036249936849054706	0.0007332081477843354	0.0024283658978833797	2.389908621756395e-05	0.005503900427697938	0.004016483030728008	0.0029180971220285298	0.002572944958377468	0.002616323282111798	0.0012224210670742882	0.0030422550711990412	0.006405695856552292	0.0056789459862051275	0.005883882818603953	0.005367352937548958	0.005750527661991832	0.00031510547974361185	0.003244600195228569	0.0004927091111792022	0.0016360053073556122	0.004669396695549691	0.001522283878373512	0.0028015843255545228	0.002898456846631154	0.006006725644923477	0.005511315957061812
BDA_043	239118	0.011234577875778707	0.006760379631908836	0.00850370270344945	0.005417127660893686	0.006223346718383425	0.0065680377666727414	0.007818056955863382	0.007902658141842808	0.005217907304478965	0.005014959541127755	0.0	0.0027242431914852394	0.004272683848163452	0.0019404559900736966	0.0013775627707490377	0.0005286575528017671	0.005583995945695696	0.0014324844800880643	0.0025940452734234233	0.0025540458916443183	0.002910837794514514	0.0019413229995075792	0.005271334383139328	0.005127138577348622	0.005028413585410237	0.005377148416470358	0.005710769740487565	0.0074361402785975105	0.005038648015402233	0.010514948865186495	0.008927767486999581	0.00788567065272902	0.007572565934167882	0.007565868122753963	0.006212096055124289	0.00799950554221271	0.0033309062298419907	0.00265429207130145	0.003059708906551331	0.010294121651469867	0.010405558797505479	0.005329811613483469	0.007899423896399005	0.005507172620684345	0.0066503344919727125	0.009675237825135631	0.006180487188511971	0.007466729066020535	0.0075639877872384804	0.01063020187328521	0.0029509305276367997
BDA_109	239176	0.01205379799679828	0.0075795997529284065	0.009322922824469023	0.006236347781913258	0.007042566839402997	0.0073872578876923115	0.008637277076882954	0.00872187826286238	0.006037127425498539	0.005834179662147327	0.0027242431914852394	0.0	0.005418826660830335	0.0028402303150836163	0.002854676984392149	0.00257551701859077	0.005981720263583354	0.0025869926597262287	0.003125739331059781	0.0018750819024881268	0.0039205634897123325	0.0023716360209105366	0.0060905545041589	0.005946358698368194	0.005847633706429808	0.00619636853748993	0.006529989861507136	0.008255360399617082	0.005857868136421805	0.011334168986206063	0.009746987608019154	0.00870489077374859	0.008391786055187454	0.008385088243773535	0.007031316176143861	0.008818725663232281	0.0030472047997497746	0.0034353083249864308	0.0039536538672388065	0.011113341772489438	0.011224778918525052	0.006149031734503041	0.00871833811075191	0.006326392741703917	0.007469554612992285	0.010494457946155203	0.006999707309531544	0.008285949187040105	0.008383207908258052	0.011446196110671256	0.002178856709170808
BDA_130	239194	0.010528879378036978	0.006659246530744268	0.008402343545321551	0.005315756912189456	0.006123074643669676	0.006466667017968511	0.007716734462749687	0.0078019768700908175	0.005117203333293317	0.004914415934239165	0.004272683848163452	0.005418826660830335	0.0	0.004670433683954981	0.004480222941717165	0.004076263267609954	0.0033542537879934827	0.004659233012421821	0.005716173659790786	0.005277276039253178	0.005758793759690094	0.005054090919932924	0.005169963634435098	0.005025832751145818	0.004927364644309693	0.0052757776677661294	0.005609398991783335	0.007336613987590095	0.004937488753573566	0.010413610519546087	0.008826396738295352	0.007784837116587073	0.0074714230739912	0.007464497374049734	0.005685082891884971	0.007899214965774951	0.006040447133515324	0.005761160467564571	0.005966713903039271	0.010192750902765637	0.01030577856692947	0.005228515762574518	0.007803171698397454	0.005405801871980117	0.006548963743268483	0.00957501391365462	0.006081547015538378	0.007365358317316305	0.007462617038534252	0.00903107339625092	0.005713849068651432
BDA_139	239202	0.011305993250844328	0.006831795006974457	0.008575118078515073	0.005488543035959308	0.0062947806402200825	0.0066394531417383615	0.007889472330929003	0.007974082647272904	0.005289322679544587	0.005086374916193377	0.0019404559900736966	0.0028402303150836163	0.004670433683954981	0.0	0.0015725146483074924	0.0016710232120075242	0.005247420304769115	0.0020800096883371007	0.0024061730894408408	0.0026448288945184004	0.0032618976858974566	0.0017929847400961411	0.005342749758204948	0.005198553952414244	0.0050998289604758575	0.00544856379153598	0.0057821851155531855	0.007507917899273705	0.005110063390467855	0.010586364240252114	0.008999182862065202	0.00795708602779464	0.007643981309233503	0.007637283497819585	0.00628351143018991	0.008071071125793028	0.003495094396789561	0.0031184839529782293	0.0035520126308656976	0.010365537026535487	0.0104769741725711	0.00540122698854909	0.007971966001202327	0.005578587995749967	0.006721749867038335	0.009746808034333362	0.006251902563577593	0.0075381444410861555	0.007635403162304103	0.01070842458962927	0.003030793249085683
BDA_144	239205	0.011205495754765963	0.006731297510896092	0.008474620582436707	0.005388045539880941	0.00619426459737068	0.006538955645659996	0.007788974834850637	0.007873576020830064	0.005188825183466222	0.004985877420115011	0.0013775627707490377	0.002854676984392149	0.004480222941717165	0.0015725146483074924	0.0	0.0011448704564793622	0.005555752856209224	0.0018995789205259802	0.0025621083149240413	0.0026837733132134924	0.003015037365601939	0.001644782814249437	0.005242252262126583	0.005098056456335878	0.004999331464397491	0.0053480662954576135	0.00568168761947482	0.007407058157584766	0.005009565894389488	0.010485866744173749	0.008898685365986838	0.007856588531716273	0.007543483813155136	0.007536786001741219	0.006183013934111544	0.007970423421199965	0.0032576147740824572	0.0025672694483430173	0.002884664196707695	0.010265039530457121	0.010376476676492734	0.005300729492470724	0.007870573110989182	0.0054780904996716015	0.006621252370959969	0.009646155704122887	0.006151405067499227	0.00743764694500779	0.0075349056662257375	0.010603508774853498	0.0030735525239442407
BDA_158	239215	0.011001179929673133	0.006526981685803261	0.008270304757343876	0.00518372971478811	0.0059899487722778495	0.006334639820567166	0.007584659009757806	0.0076692601957372335	0.004984509358373391	0.00478156159502218	0.0005286575528017671	0.00257551701859077	0.004076263267609954	0.0016710232120075242	0.0011448704564793622	0.0	0.005351354190248353	0.0012281494492594074	0.002439136115924517	0.0024046852872607115	0.0026459065797446862	0.0018191556649298174	0.005037936437033753	0.004893740631243047	0.004795015639304661	0.005143750470364783	0.005477371794381989	0.007202742332491936	0.004805250069296658	0.01028155091908092	0.008694369540894005	0.007652272706623442	0.007339167988062306	0.007332470176648388	0.0059786981090187135	0.007766107596107134	0.0031779934956739017	0.0024821098677241795	0.0028533297120612463	0.01006072370536429	0.010172160851399905	0.0050964136673778936	0.0076663785756924145	0.005273774674578771	0.006416936545867137	0.009441839879030056	0.005947089242406395	0.007233331119914959	0.007330589841132907	0.010399609919216748	0.002794408305914732
BDA_177	239233	0.012053466403771489	0.008183691722929856	0.009927014794470472	0.006840439751914707	0.00764693090236461	0.007991349857693763	0.009241369046884402	0.009325970232863828	0.006641368147111599	0.006438420383760389	0.005583995945695696	0.005981720263583354	0.0033542537879934827	0.005247420304769115	0.005555752856209224	0.005351354190248353	0.0	0.005520211496013646	0.00604343921053053	0.005786484284623353	0.006561676875525525	0.005492733860329735	0.006694646474160349	0.006550450668369644	0.0064517256764312575	0.00680046050749138	0.0071340818315085855	0.008860030764433358	0.0064621088580348665	0.011938260956207515	0.010351079578020603	0.00930898274375004	0.008996026776800515	0.008989180213774985	0.007381114637116281	0.00942310181795477	0.006553597624499641	0.006318611168330175	0.006715330632469405	0.011717433742490888	0.011829877582033164	0.00675312370450449	0.009325971094222757	0.006930484711705367	0.008073646582993733	0.011098738981362249	0.0076052728787517464	0.008890041157041555	0.008987299878259502	0.01052551954735802	0.006084877219790843
BDA_207	239257	0.011361791338920528	0.006887593095050658	0.008630916166591274	0.005544341124035508	0.006350560181525248	0.0066952512298145625	0.007945270419005205	0.008029871604984633	0.005345120767620788	0.0051421730042695785	0.0014324844800880643	0.0025869926597262287	0.004659233012421821	0.0020800096883371007	0.0018995789205259802	0.0012281494492594074	0.005520211496013646	0.0	0.0019260199562005985	0.002091200569963316	0.0030723112919262036	0.0014380465076407505	0.00539854784628115	0.0052543520404904455	0.0051556270485520585	0.005504361879612181	0.0058379832036293865	0.007563353741739334	0.005165861478544056	0.010642162328328316	0.009054980950141404	0.008012884115870842	0.007699779397309705	0.007693081585895786	0.006339309518266111	0.00812671900535453	0.0029493785772653452	0.002480671026210969	0.0033020790371052202	0.010421335114611689	0.010532772260647302	0.005457025076625291	0.008026835684539492	0.005634386083826168	0.006777547955114536	0.009802451288277454	0.006307700651653795	0.0075939425291623565	0.007691201250380303	0.010758388514412905	0.0026614348019315453
BDA_211	239261	0.011658986986219148	0.007184788742349276	0.008928111813889892	0.005841536771334126	0.006647755828823866	0.006992446877113182	0.008242466066303822	0.008327067252283249	0.005642316414919407	0.005439368651568195	0.0025940452734234233	0.003125739331059781	0.005716173659790786	0.0024061730894408408	0.0025621083149240413	0.002439136115924517	0.00604343921053053	0.0019260199562005985	0.0	0.002627809593276874	0.003285187043213213	0.0012120745450729562	0.005695743493579768	0.005551547687789062	0.005452822695850677	0.005801557526910799	0.006135178850928004	0.00786054938903795	0.005463057125842673	0.010939357975626934	0.009352176597440021	0.00831007976316946	0.007996975044608324	0.007990277233194405	0.0066365051655647295	0.008423914652653148	0.003334297272416139	0.0032531334189963225	0.004117655085932762	0.010718530761910306	0.01082996790794592	0.005754220723923909	0.00832408517314575	0.005931581731124786	0.007074743602413154	0.010099646935576072	0.006604896298952412	0.007891138176460973	0.007988396897678923	0.011055243035797723	0.0027209059014024796
BDA_239	239280	0.0118580312158221	0.007383832971952229	0.009127156043492846	0.006040581000937078	0.006846800058426818	0.007191491106716134	0.008441510295906774	0.008526111481886202	0.0058413606445223585	0.005638412881171149	0.0025540458916443183	0.0018750819024881268	0.005277276039253178	0.0026448288945184004	0.0026837733132134924	0.0024046852872607115	0.005786484284623353	0.002091200569963316	0.002627809593276874	0.0	0.003476058507717079	0.0019122709887317408	0.00589478772318272	0.005750591917392015	0.005651866925453629	0.006000601756513751	0.006334223080530956	0.008059593618640904	0.005662101355445625	0.011138402205229886	0.009551220827042975	0.008509123992772412	0.008196019274211274	0.008189321462797359	0.006835549395167681	0.008622958882256102	0.0031249922078585186	0.00325377985160835	0.0037930970114597056	0.01091757499151326	0.011029012137548873	0.005953264953526861	0.008522903450888955	0.0061306259607277385	0.0072737878320161065	0.010298691165179025	0.006803940528555365	0.008090182406063927	0.008187441127281874	0.0112530951003626	0.002169368098168075
BDA_254	239287	0.012210417564367297	0.0077362193204974245	0.00947954239203804	0.006392967349482274	0.007199186406972014	0.0075438774552613296	0.00879389664445197	0.008878497830431396	0.006193746993067555	0.005990799229716345	0.002910837794514514	0.0039205634897123325	0.005758793759690094	0.0032618976858974566	0.003015037365601939	0.0026459065797446862	0.006561676875525525	0.0030723112919262036	0.003285187043213213	0.003476058507717079	0.0	0.0032315414845221577	0.0062471740717279164	0.00610297826593721	0.006004253273998825	0.006352988105058946	0.006686609429076153	0.008411979967186099	0.006014487703990821	0.011490788553775081	0.00990360717558817	0.008861510341317607	0.00854840562275647	0.008541707811342553	0.007187935743712877	0.008975345230801297	0.004583790438598913	0.0035866730153390463	0.004030452620700815	0.011269961340058454	0.011381401727053887	0.006305651302072057	0.008875971287870474	0.0064830123092729335	0.0076261741805613015	0.010651077513724218	0.007156405555779238	0.008179970029003517	0.008277228750221464	0.011609117574426352	0.0038656168348597557
BDA_264	239291	0.01108896427320431	0.006614766029334437	0.008358089100875054	0.0052715140583192875	0.006077733115809027	0.006422424164098342	0.007672443353288983	0.007757044539268411	0.005072293701904568	0.004869345938553357	0.0019413229995075792	0.0023716360209105366	0.005054090919932924	0.0017929847400961411	0.001644782814249437	0.0018191556649298174	0.005492733860329735	0.0014380465076407505	0.0012120745450729562	0.0019122709887317408	0.0032315414845221577	0.0	0.005125720780564929	0.004981524974774223	0.004882799982835838	0.00523153481389596	0.005565156137913165	0.007290526676023113	0.0048930344128278345	0.010369335262612096	0.008782153884425183	0.007740057050154621	0.007426952331593483	0.0074202545201795655	0.006066482452549891	0.007853891939638312	0.0029556581718062865	0.0025729935241198807	0.00336015152124254	0.010148508048895468	0.010259945194931081	0.00518419801090907	0.0077540336289681116	0.005361559018109948	0.006504720889398315	0.009529624222561234	0.006034873585937572	0.007321115463446135	0.007418374184664083	0.010485132570667277	0.001996934942716432
JOES_OFAV_004	239704	0.00644978007073973	0.0015421500811624651	0.0033524307311682067	0.00032238228362252674	0.0018126440344037615	0.0015857678220088031	0.0028183012538607038	0.002867637304921969	0.0004369451629066824	0.00025670008844504594	0.005271334383139328	0.0060905545041589	0.005169963634435098	0.005342749758204948	0.005242252262126583	0.005037936437033753	0.006694646474160349	0.00539854784628115	0.005695743493579768	0.00589478772318272	0.0062471740717279164	0.005125720780564929	0.0	0.00014453887927082107	0.00024314328672468986	0.00010678742913457567	0.0005205757117880052	0.002665128579291717	0.0002544414989095638	0.005725152451353143	0.003884434891835231	0.0027942825934246683	0.002824037353926543	0.002443220388768912	0.0009856277233490666	0.0032984768606750185	0.006662070698563864	0.005935320828216699	0.006140257660615525	0.005610445430937512	0.006006084739710887	0.0005543054586560219	0.0035009794912574184	0.0007286710333833533	0.0013954974460566986	0.004735889832771449	0.0017770240441406823	0.003049952407209992	0.0031356431885665673	0.00626310048693505	0.0057676907990733845
NC0001_OFAV_003	239727	0.006400049428189831	0.0016363359456633545	0.003379674809854136	0.0002901619354006201	0.0016683286710771272	0.0014627377998229288	0.00274990905455124	0.002793802679393369	0.00038576808223822126	0.00018572073785135538	0.005127138577348622	0.005946358698368194	0.005025832751145818	0.005198553952414244	0.005098056456335878	0.004893740631243047	0.006550450668369644	0.0052543520404904455	0.005551547687789062	0.005750591917392015	0.00610297826593721	0.004981524974774223	0.00014453887927082107	0.0	0.00017744656780460305	0.0002501941923877163	0.0005839242510653196	0.0026139467714465167	0.00020464562412248887	0.005679663729578502	0.0038315898834664817	0.00276668116764417	0.002739653895870053	0.0024394343845541224	0.0010853143179342679	0.003174717851769917	0.006517874892773159	0.005791125022425993	0.005996061854824819	0.0054703449301283895	0.005861942360633538	0.0004897919457030966	0.0033567354183054914	0.0006657487389658453	0.0015239201384745376	0.0046621611845353485	0.0016334816995698712	0.0029081862527818255	0.002998175599759038	0.006118904681144345	0.005623494993282679
NC0003_OFAV_005	239733	0.006575046164595448	0.001733861875470188	0.003477562451271295	0.000453275259607448	0.001569602388335334	0.0016382857444077628	0.0029271289645588982	0.0029695738959083636	0.000561547923825382	0.0003614309422051586	0.005028413585410237	0.005847633706429808	0.004927364644309693	0.0050998289604758575	0.004999331464397491	0.004795015639304661	0.0064517256764312575	0.0051556270485520585	0.005452822695850677	0.005651866925453629	0.006004253273998825	0.004882799982835838	0.00024314328672468986	0.00017744656780460305	0.0	0.0003489388693824634	0.0006827008485814171	0.0027896645788415366	0.0003814343782112845	0.005854912156405648	0.003902285787220764	0.0028637747134813104	0.002916444868611639	0.0025380317024625526	0.001184081495877795	0.003350429762317851	0.006419149900834773	0.0056924000304876075	0.005897336862886434	0.0056355035060151396	0.005763489497451331	0.0006649333383299473	0.0032579927137503994	0.0008412663693077231	0.0016226873164180648	0.004837925374369539	0.0015351629774225028	0.002810928084174551	0.002899233636974521	0.0060201796892059576	0.005524770001344293
Outplant_OFAV_004	239752	0.006448524662803264	0.0016479536320970762	0.003458315585063137	0.0003798419395118536	0.0019184511717884572	0.0016896562632273161	0.0029239936062633704	0.0029734361568078097	0.0005064590361764957	0.00036249936849054706	0.005377148416470358	0.00619636853748993	0.0052757776677661294	0.00544856379153598	0.0053480662954576135	0.005143750470364783	0.00680046050749138	0.005504361879612181	0.005801557526910799	0.006000601756513751	0.006352988105058946	0.00523153481389596	0.00010678742913457567	0.0002501941923877163	0.0003489388693824634	0.0	0.0006244013826347903	0.002735380313207969	0.00033925472792753985	0.005754864185178026	0.003988279136277872	0.002900070711212237	0.002930211786011107	0.0025467778765977255	0.0010638268877448836	0.0034042555728192015	0.0067678847318948954	0.006041134861547729	0.006246071693946555	0.005716630657920438	0.006111952199755274	0.0006577915182886702	0.0036067616623487054	0.0008324407803314484	0.0014226403271546985	0.004841693959308913	0.0018830774371211365	0.0031560680785870203	0.003239550475383046	0.00636891452026608	0.005873504832404414
PEPS_OFAV_007	239754	0.006596706712728395	0.0020352338743734	0.0038116793035315967	0.0004618545187856357	0.002252132957621678	0.0016962276806666255	0.0032962465605349102	0.003341213974675227	0.0009331173275409417	0.0007332081477843354	0.005710769740487565	0.006529989861507136	0.005609398991783335	0.0057821851155531855	0.00568168761947482	0.005477371794381989	0.0071340818315085855	0.0058379832036293865	0.006135178850928004	0.006334223080530956	0.006686609429076153	0.005565156137913165	0.0005205757117880052	0.0005839242510653196	0.0006827008485814171	0.0006244013826347903	0.0	0.0031612940450208623	0.0007503742080665116	0.005870282589021032	0.003963270053902327	0.003233689539343594	0.0032859883423622073	0.0026002013975685648	0.0010980738009883655	0.0037377982732493304	0.007101506055912101	0.0063747561855649355	0.006579693017963762	0.00570032429384127	0.006445573523772479	0.0006801976640340146	0.003940388187926378	0.000851682953834864	0.001537919671762145	0.005209387116024796	0.0022166505626587977	0.003483247330367971	0.0032132016540178695	0.006702535844283285	0.00620712615642162
PEPS_OFAV_009	239755	0.008594929370760278	0.0041571841080132056	0.0011406051808084351	0.002775357757091134	0.001914329454471789	0.0020346919132853145	0.0004364009372421428	0.0005253462545218087	0.0025761907937628748	0.0024283658978833797	0.0074361402785975105	0.008255360399617082	0.007336613987590095	0.007507917899273705	0.007407058157584766	0.007202742332491936	0.008860030764433358	0.007563353741739334	0.00786054938903795	0.008059593618640904	0.008411979967186099	0.007290526676023113	0.002665128579291717	0.0026139467714465167	0.0027896645788415366	0.002735380313207969	0.0031612940450208623	0.0	0.0024112444015506203	0.003081037075743299	0.0016494785071054375	0.0013401920966850237	0.005000685280127851	0.0050444056943574275	0.0036504886030647044	0.0054661235100481	0.008826876594022048	0.008100126723674883	0.008305063556073708	0.003543082335080625	0.00337903480257725	0.0027415930863039315	0.005666525668591809	0.0029189140507703084	0.002010809856441393	0.0070925478182857025	0.0025307279199113606	0.005228903516620044	0.005326088178795726	0.008427906382393232	0.007932496694531568
SAS_OFAV_006	239767	0.006205000703803196	0.0017504594538415368	0.0035268853170261822	0.0003786960617368544	0.0015798486230492194	0.001629917064915966	0.002822498020232665	0.002917357104571829	0.00018305777777402707	2.389908621756395e-05	0.005038648015402233	0.005857868136421805	0.004937488753573566	0.005110063390467855	0.005009565894389488	0.004805250069296658	0.0064621088580348665	0.005165861478544056	0.005463057125842673	0.005662101355445625	0.006014487703990821	0.0048930344128278345	0.0002544414989095638	0.00020464562412248887	0.0003814343782112845	0.00033925472792753985	0.0007503742080665116	0.0024112444015506203	0.0	0.005484384716089037	0.004035088955957769	0.0029415048525181977	0.0025914415344288366	0.002634573224194373	0.00123958912261409	0.003065655805282593	0.006429384330826769	0.005702634460479604	0.00590757129287843	0.005388277398783681	0.005773398371973792	0.0003341028628647437	0.00326822601231053	0.0005092407101240496	0.0016494618389353759	0.004692747158056492	0.0015445543618652763	0.00281897334929335	0.002915835696590906	0.006030414119197955	0.00553500443133629
26_OFAV_001	239028	0.011264047996429258	0.007220340691639742	0.002876898152831699	0.005409820649532147	0.004990589584149762	0.00477074006024245	0.002931523820200543	0.0028896886885727653	0.005650153199944921	0.005503900427697938	0.010514948865186495	0.011334168986206063	0.010413610519546087	0.010586364240252114	0.010485866744173749	0.01028155091908092	0.011938260956207515	0.010642162328328316	0.010939357975626934	0.011138402205229886	0.011490788553775081	0.010369335262612096	0.005725152451353143	0.005679663729578502	0.005854912156405648	0.005754864185178026	0.005870282589021032	0.003081037075743299	0.005484384716089037	0.0	0.0019723396058635182	0.004407440347758655	0.008074281837442465	0.007827578112494578	0.006198789498837534	0.00854499804536722	0.011905685180611032	0.011178935310263864	0.01138387214266269	0.004899539810588709	0.0015184073842234092	0.005292338524855106	0.008747143093744674	0.005467903766214375	0.004559108751213722	0.010167238006895667	0.005607951399619755	0.0082986408266712	0.007875091264378208	0.011506714968982215	0.01101130528112055
ABE_OFAV_001	239083	0.009872450424274693	0.005378698588423862	0.0017005670123874323	0.0036821811087645413	0.003400626054867823	0.0029545703435696373	0.0012136261053864502	0.0012624069524542916	0.004217089768131895	0.004016483030728008	0.008927767486999581	0.009746987608019154	0.008826396738295352	0.008999182862065202	0.008898685365986838	0.008694369540894005	0.010351079578020603	0.009054980950141404	0.009352176597440021	0.009551220827042975	0.00990360717558817	0.008782153884425183	0.003884434891835231	0.0038315898834664817	0.003902285787220764	0.003988279136277872	0.003963270053902327	0.0016494785071054375	0.004035088955957769	0.0019723396058635182	0.0	0.00250610445818491	0.006570101175125074	0.005897281338706047	0.004339415779447633	0.007005443456694016	0.01031850380242412	0.009591753932076954	0.00979669076447578	0.003329349221519751	0.0026086473914598736	0.003838578263462268	0.007159167639111895	0.004010307020676247	0.0027279703179491775	0.008492680142145766	0.004020053389032677	0.006704944993716478	0.006309456270573784	0.009919533590795303	0.009424123902933637
Green_Can_OFAV_071	239697	0.007726026045366357	0.0028783273828171334	0.0020237829067940765	0.0030132283817498884	0.002360262710095265	0.0022063586846265285	0.0014822203485658411	0.0015210231816480421	0.003120782545844663	0.0029180971220285298	0.00788567065272902	0.00870489077374859	0.007784837116587073	0.00795708602779464	0.007856588531716273	0.007652272706623442	0.00930898274375004	0.008012884115870842	0.00831007976316946	0.008509123992772412	0.008861510341317607	0.007740057050154621	0.0027942825934246683	0.00276668116764417	0.0028637747134813104	0.002900070711212237	0.003233689539343594	0.0013401920966850237	0.0029415048525181977	0.004407440347758655	0.00250610445818491	0.0	0.004071297099409646	0.0037042718892999664	0.003734995622020632	0.004508570337652592	0.009276406968153555	0.00854965709780639	0.008754593930205216	0.002922173903282616	0.004617747628730621	0.0032232455432624437	0.004710699024467585	0.0034004761375980574	0.002124068171525385	0.005987673905413246	0.0029782890942046114	0.00567323946640719	0.005761548888485194	0.008877436756524741	0.008382027068663075
26_OFAV_004	239029	0.003990152874394213	0.0012850822446477369	0.006061743791374825	0.002969618449673198	0.004114433292405439	0.004165508290690479	0.005373743324219524	0.005463118791156769	0.0027733915238696183	0.002572944958377468	0.007572565934167882	0.008391786055187454	0.0074714230739912	0.007643981309233503	0.007543483813155136	0.007339167988062306	0.008996026776800515	0.007699779397309705	0.007996975044608324	0.008196019274211274	0.00854840562275647	0.007426952331593483	0.002824037353926543	0.002739653895870053	0.002916444868611639	0.002930211786011107	0.0032859883423622073	0.005000685280127851	0.0025914415344288366	0.008074281837442465	0.006570101175125074	0.004071297099409646	0.0	0.0007145839176125139	0.0037751496553722354	0.0007954136401841105	0.008963302249592417	0.008236552379245253	0.008441489211644079	0.003727809121500833	0.008307316482410221	0.002885025245028122	0.0009980586015532727	0.0030602682360742818	0.004203232416767492	0.002433817188182033	0.004078748163809876	0.005354348315898714	0.005451253819826762	0.008564332037963604	0.008068922350101938
3_OFAV_001	239034	0.004098028641211773	0.0009061756902068181	0.005694711637446037	0.002420919818887362	0.004107428773427468	0.003607705976309169	0.0051794064363508896	0.005224306443602049	0.002816583234140299	0.002616323282111798	0.007565868122753963	0.008385088243773535	0.007464497374049734	0.007637283497819585	0.007536786001741219	0.007332470176648388	0.008989180213774985	0.007693081585895786	0.007990277233194405	0.008189321462797359	0.008541707811342553	0.0074202545201795655	0.002443220388768912	0.0024394343845541224	0.0025380317024625526	0.0025467778765977255	0.0026002013975685648	0.0050444056943574275	0.002634573224194373	0.007827578112494578	0.005897281338706047	0.0037042718892999664	0.0007145839176125139	0.0	0.003101535127046558	0.0011497463391359334	0.0089566044381785	0.008229854567831334	0.00843479140023016	0.0035292715950669224	0.008300671906038878	0.002637078981193812	0.0013405168980161486	0.002809143184748057	0.0035402548045152925	0.002637150307565296	0.004071865850726449	0.005344190639272675	0.005149228841981668	0.008557634226549683	0.008062224538688021
6_OFAV_020	239078	0.007079206149152132	0.0025244411846589085	0.004300865499774174	0.0008859359135641584	0.0027535186299973854	0.0021976122848833967	0.0037853944521864455	0.0038304301255099307	0.001422348064142071	0.0012224210670742882	0.006212096055124289	0.007031316176143861	0.005685082891884971	0.00628351143018991	0.006183013934111544	0.0059786981090187135	0.007381114637116281	0.006339309518266111	0.0066365051655647295	0.006835549395167681	0.007187935743712877	0.006066482452549891	0.0009856277233490666	0.0010853143179342679	0.001184081495877795	0.0010638268877448836	0.0010980738009883655	0.0036504886030647044	0.00123958912261409	0.006198789498837534	0.004339415779447633	0.003734995622020632	0.0037751496553722354	0.003101535127046558	0.0	0.0042390677265686585	0.0076028323705488255	0.00687608250020166	0.007081019332600485	0.006143791167545536	0.006946899838409205	0.0009274118963281639	0.004441736444833629	0.0010988335280343472	0.0017289386146973483	0.00569850606467233	0.0027180229122966185	0.0039854806710299985	0.0034713645907199927	0.007203862158920011	0.006708452471058345
ABE_OFAV_002	239084	0.0032378415866597264	0.0017563413853548906	0.0065321937487492505	0.0034441904039185303	0.004546393226671525	0.004601552734156854	0.0058467607904059814	0.005931195886070328	0.0032450294342623717	0.0030422550711990412	0.00799950554221271	0.008818725663232281	0.007899214965774951	0.008071071125793028	0.007970423421199965	0.007766107596107134	0.00942310181795477	0.00812671900535453	0.008423914652653148	0.008622958882256102	0.008975345230801297	0.007853891939638312	0.0032984768606750185	0.003174717851769917	0.003350429762317851	0.0034042555728192015	0.0037377982732493304	0.0054661235100481	0.003065655805282593	0.00854499804536722	0.007005443456694016	0.004508570337652592	0.0007954136401841105	0.0011497463391359334	0.0042390677265686585	0.0	0.009390241857637245	0.008663491987290078	0.008868428819688905	0.004102785403908444	0.008735677263161278	0.003356863704004697	0.0003404940170411249	0.003534503718835383	0.004677796008339545	0.0016771141483830992	0.004507856006124371	0.005790288022438169	0.005887220139817123	0.00899127164600843	0.008495861958146765
