R306	238936	0	0.9634955752212391	0.4511875699318482	0.41933908739345643	0.42755019507089165	0.41855774851874183	0.45638686246694443	0.44185245848204824	0.4541909327396729	0.4527378002115097	0.342049043907764	0.4615604322811612	0.4635700550473624	0.4427554925342536	0.44121576666520296	0.4614630616352282	0.3992719968891705	0.44728552449386816	0.9932442806694304	0.9901185770750988	0.990188679245283	0.984472049689441	0.9895531050493326	0.911190727777044	0.543141592920354	0.4954192966395236	0.9852507374631269	0.9818299805321221	0.9887387387387387	0.9398193164055288	0.9849358974358976	0.9869346733668343	0.9902017291066284	0.9826875515251444	0.9824334797210024	1.0	0.40851182478273235	0.4933006597284132	0.45176275147352224	0.4591269326440642	0.4650545894077897	0.38851075256263573	0.44822903330191194	0.43935780913657024	0.4306530114248561	0.4621498573831637	0.4638833060808396	0.4754879794214683	0.4466768937859291	0.44327733075242687	0.3993362831858407
R412	239012	0.9634955752212391	0	1.0	1.0	1.0	1.0	1.0	1.0	1.0	1.0	1.0	1.0	1.0	1.0	1.0	1.0	1.0	1.0	1.0	1.0	1.0	1.0	1.0	0.9458955223880595	1.0	1.0	1.0	1.0	1.0	0.9624478442280946	1.0	1.0	1.0	1.0	1.0	1.0	1.0	1.0	1.0	1.0	1.0	1.0	1.0	1.0	1.0	1.0	1.0	1.0	1.0	1.0	1.0
26_OFAV_001	239028	0.4511875699318482	1.0	0	0.2230304339355746	0.18776649981460874	0.19820436286149895	0.18459642902575843	0.18613191279413413	0.19785251571573495	0.19387602667523524	0.19300524156526389	0.13491729744883654	0.17841815511525028	0.20841654462344122	0.1630120626340601	0.10076958523361022	0.18827235921373114	0.19023022407097584	0.9932442806694304	0.9901185770750988	0.9901886792452831	0.984472049689441	0.9895531050493326	0.9421641791044776	0.28735632183908044	0.2489413188142771	0.985250737463127	0.981829980532122	0.9887387387387387	0.9707927677329624	0.9849358974358975	0.9869346733668343	0.9902017291066282	0.9826875515251444	0.9824334797210024	1.0	0.12206088429233403	0.11255043210102267	0.16961056458444695	0.17424713777872833	0.19851655501619633	0.21212052285203045	0.20162180436014102	0.20391115253184214	0.16394197524753215	0.18434976726512775	0.19600492664727703	0.1709097695660288	0.1868499346113782	0.15450542616998658	0.3567639257294429
26_OFAV_004	239029	0.41933908739345643	1.0	0.2230304339355746	0	0.05238926890436685	0.05458951688826983	0.061630794560422524	0.056742815033161365	0.06482511856520361	0.06343123149192567	0.12858391458586826	0.12800648043072305	0.07890650592383054	0.05446416246101153	0.0967431571235331	0.1507424555466804	0.09445019229024992	0.07341501140481273	0.9932442806694304	0.9901185770750988	0.9901886792452828	0.984472049689441	0.9895531050493326	0.9421641791044776	0.14926616345869057	0.2503440518812851	0.9852507374631269	0.9818299805321218	0.9887387387387387	0.9707927677329624	0.9849358974358973	0.9869346733668343	0.9902017291066282	0.9826875515251442	0.9824334797210024	1.0	0.16154635180666574	0.20259898988083466	0.08808905725386891	0.13162149960557032	0.06781084679656973	0.0946484854259065	0.05801069177895223	0.06116433308769346	0.10546490899671894	0.07790032704617017	0.07370490659839382	0.11457880969993696	0.053832869937481306	0.09350277484481737	0.3706044630878823
26_OFAV_007	239030	0.42755019507089165	1.0	0.18776649981460874	0.05238926890436685	0	0.038602199995854944	0.04502916105231235	0.026787754365280653	0.050017700090415264	0.0458801192604429	0.11769960153081749	0.09794942099170716	0.062082094141553704	0.048891531667532816	0.05066895435962683	0.1166753158526612	0.08701968690702087	0.04737516709401505	0.9932442806694304	0.9901185770750988	0.9901886792452831	0.984472049689441	0.9895531050493326	0.9421641791044778	0.16330645161290325	0.24504596969342154	0.9852507374631269	0.981829980532122	0.9887387387387387	0.9707927677329624	0.9849358974358973	0.9869346733668343	0.9902017291066281	0.9826875515251442	0.9824334797210024	1.0	0.1578926601040686	0.20360551431601273	0.060169324864531346	0.08989394717935194	0.045467268727138535	0.08624980494793882	0.04100220951501786	0.03680289160127872	0.08099074206598109	0.04291105705145295	0.041913527231085795	0.08316115039385447	0.042011273558299866	0.04554088320291237	0.3578241315136475
3_OFAV_001	239034	0.41855774851874183	1.0	0.19820436286149895	0.05458951688826983	0.038602199995854944	0	0.05827307539354735	0.05213170733753676	0.07359760692798539	0.051602220000682375	0.10491222618241695	0.10025829610634131	0.0747856060470979	0.07356047180098713	0.058779150379984005	0.12258082220811305	0.06832794023577796	0.06409010044066327	0.9932442806694304	0.9901185770750988	0.990188679245283	0.984472049689441	0.9895531050493326	0.9421641791044776	0.17557385666725076	0.24504723558835154	0.9852507374631266	0.981829980532122	0.9887387387387387	0.9707927677329624	0.9849358974358975	0.9869346733668343	0.9902017291066281	0.9826875515251442	0.9824334797210024	1.0	0.1474112477702264	0.20360551431601273	0.08103973895698978	0.09835131419286403	0.059836285184171834	0.0856218327444008	0.061536037939629	0.06093190439431901	0.08563593121226955	0.05722654970946544	0.05158522266858417	0.09347290287953823	0.06009541662960976	0.06110495943409877	0.3737223293031949
37_OFAV_001	239041	0.45638686246694443	1.0	0.18459642902575843	0.061630794560422524	0.04502916105231235	0.05827307539354735	0	0.04291674512254769	0.051055552233777335	0.03740898720341888	0.13642643155394815	0.08654484506164298	0.03967104326878551	0.05448697854119566	0.06591171125345355	0.10227600296366886	0.11273630549246152	0.06845836496024629	0.9932442806694304	0.9901185770750988	0.9901886792452831	0.984472049689441	0.9895531050493326	0.9421641791044776	0.15088575557720174	0.24628875738571465	0.9852507374631266	0.9818299805321218	0.9887387387387387	0.9707927677329624	0.9849358974358975	0.9869346733668343	0.9902017291066282	0.9826875515251442	0.9824334797210024	1.0	0.15874766384588046	0.17901385772313555	0.07046717939521387	0.0934202584018133	0.04018207300611844	0.12218497163188047	0.04990416209518629	0.04907745303318314	0.09126711005274263	0.04697745033339465	0.04449305284682546	0.07920057658945431	0.04430929480848891	0.056391741307936095	0.3755298016276238
37_OFAV_002	239042	0.44185245848204824	1.0	0.18613191279413413	0.056742815033161365	0.026787754365280653	0.05213170733753676	0.04291674512254769	0	0.03882947864918159	0.026550823886751243	0.13107405715598597	0.09475821416771842	0.04965265437351565	0.04084066229236742	0.05902186633655859	0.12465670311533084	0.10028082631267554	0.0475774174563691	0.9932442806694304	0.9901185770750988	0.990188679245283	0.984472049689441	0.9895531050493326	0.9421641791044778	0.15242952259526846	0.24349345894301833	0.9852507374631269	0.981829980532122	0.9887387387387389	0.9707927677329624	0.9849358974358975	0.986934673366834	0.9902017291066281	0.9826875515251442	0.9824334797210024	1.0	0.17127898279730736	0.2036055143160127	0.05857063255224439	0.10204877149474324	0.04205500104323925	0.10299282975269505	0.029059093342486266	0.028587159194894032	0.08000936607147266	0.033787709026282614	0.02896462294711099	0.08234605500669556	0.028065948505978468	0.05389379517984412	0.3597535061623458
38_OFAV_004	239051	0.4541909327396729	1.0	0.19785251571573495	0.06482511856520361	0.050017700090415264	0.07359760692798539	0.051055552233777335	0.03882947864918159	0	0.026235227972306974	0.14563639928019895	0.10359994412529495	0.05379118054119231	0.0380233151674047	0.07623982468973889	0.13207063520600854	0.10734275039084519	0.05490733161854463	0.9932442806694304	0.9901185770750988	0.9901886792452828	0.984472049689441	0.9895531050493326	0.9421641791044775	0.14176511466296032	0.2512665707305815	0.9852507374631269	0.9818299805321221	0.9887387387387385	0.9707927677329622	0.9849358974358975	0.9869346733668343	0.9902017291066282	0.9826875515251442	0.9824334797210024	1.0	0.1769329964557162	0.1989215734680839	0.06708795712430618	0.11130617090111096	0.04833282291903523	0.10684273929601515	0.027218270062565508	0.023896099017711236	0.0850675298041899	0.04874099514316835	0.042493180158977926	0.08940089148009726	0.032650989729298835	0.06832485662497775	0.3705386575435219
38_OFAV_020a	239052	0.4527378002115097	1.0	0.19387602667523524	0.06343123149192567	0.0458801192604429	0.051602220000682375	0.03740898720341888	0.026550823886751243	0.026235227972306974	0	0.13331624161344513	0.0994703368420098	0.04069991203162902	0.041521315573843004	0.06909330786192672	0.127643584056202	0.10770485803236608	0.062120894438699066	0.9932442806694304	0.9901185770750988	0.990188679245283	0.984472049689441	0.9895531050493326	0.9421641791044776	0.14680398888343954	0.2449951297550161	0.9852507374631266	0.981829980532122	0.9887387387387385	0.9707927677329622	0.9849358974358975	0.9869346733668343	0.9902017291066284	0.9826875515251442	0.9824334797210024	1.0	0.17665458732966938	0.19772027645431586	0.06789439845592761	0.10571443543874441	0.040762105527815055	0.12084148031589807	0.03037813510940472	0.03394545109111072	0.08790661785470003	0.042288325314764286	0.032685236616961516	0.0891966725266099	0.03233900732224554	0.05930515506095361	0.36894027992605716
39_OFAV_001a	239057	0.342049043907764	1.0	0.19300524156526389	0.12858391458586826	0.11769960153081749	0.10491222618241695	0.13642643155394815	0.13107405715598597	0.14563639928019895	0.13331624161344513	0	0.13595216005156804	0.14957067915393737	0.14786833035848068	0.14201281798037604	0.16231449655464514	0.08347217454842863	0.14021743976545425	0.9932442806694304	0.9901185770750988	0.990188679245283	0.984472049689441	0.9895531050493326	0.9421641791044775	0.24772497472194127	0.2471872998629205	0.9852507374631269	0.9818299805321221	0.9887387387387387	0.9707927677329626	0.9849358974358976	0.9869346733668343	0.9902017291066282	0.9826875515251442	0.9824334797210024	1.0	0.11731590502256306	0.20400009864608254	0.15192528015770243	0.1361959279734252	0.13969265814803145	0.10434835966075377	0.1383837474541097	0.14273986828081872	0.1415715108131242	0.14050422415161823	0.14280974871933913	0.1531454403404015	0.1371997805456433	0.14345565423654777	0.3728837727826605
4_OFAV_007	239065	0.4615604322811612	1.0	0.13491729744883654	0.12800648043072305	0.09794942099170716	0.10025829610634131	0.08654484506164298	0.09475821416771842	0.10359994412529495	0.0994703368420098	0.13595216005156804	0	0.09366302815337993	0.1169211985023592	0.09370084972138643	0.07094696261881031	0.07994934271295841	0.08124696360694166	0.9932442806694306	0.9901185770750988	0.9901886792452831	0.984472049689441	0.9895531050493328	0.9421641791044776	0.21362489486963832	0.24368111194723566	0.9852507374631269	0.9818299805321221	0.9887387387387389	0.9707927677329624	0.9849358974358975	0.9869346733668343	0.9902017291066282	0.9826875515251442	0.9824334797210024	1.0	0.12594947577928567	0.15230189783157203	0.09481430076367853	0.06712788475696894	0.1060554861062032	0.12332041071297804	0.10381571399728032	0.10165617257290935	0.08120679063936709	0.09939644167031585	0.10269259316406305	0.07483340469211429	0.09376773094977327	0.09422501819650204	0.3797524314765693
43_OFAV_011	239071	0.4635700550473624	1.0	0.17841815511525028	0.07890650592383054	0.062082094141553704	0.0747856060470979	0.03967104326878551	0.04965265437351565	0.05379118054119231	0.04069991203162902	0.14957067915393737	0.09366302815337993	0	0.041228335650940647	0.07485739666546486	0.11702843409109605	0.11841822485947205	0.08270628123248634	0.9932442806694304	0.9901185770750988	0.9901886792452831	0.984472049689441	0.9895531050493326	0.9421641791044775	0.1273909716908952	0.24298035011809924	0.9852507374631269	0.981829980532122	0.9887387387387387	0.9707927677329622	0.9849358974358975	0.9869346733668343	0.9902017291066281	0.9826875515251442	0.9824334797210024	1.0	0.16452288723226116	0.1803369733574252	0.07174335220135336	0.10446697954174876	0.029579776098066543	0.13839625479203715	0.03462765614527615	0.04990880704729205	0.10496043099419193	0.03713647569806707	0.04664383219386951	0.08153108418485722	0.04622386353018786	0.06354159573033367	0.37679752025582164
6_OFAV_001	239077	0.4427554925342536	1.0	0.20841654462344122	0.05446416246101153	0.048891531667532816	0.07356047180098713	0.05448697854119566	0.04084066229236742	0.0380233151674047	0.041521315573843004	0.14786833035848068	0.1169211985023592	0.041228335650940647	0	0.08294340167765163	0.14518548766168318	0.11471317774013348	0.05804900097268736	0.9932442806694304	0.9901185770750988	0.9901886792452828	0.984472049689441	0.9895531050493326	0.9421641791044775	0.13087471708161358	0.2504256914420255	0.9852507374631269	0.981829980532122	0.9887387387387387	0.9707927677329626	0.9849358974358975	0.9869346733668343	0.9902017291066284	0.9826875515251442	0.9824334797210024	1.0	0.18576454359086605	0.20360551431601281	0.07428930180798744	0.12374224035365558	0.03742800211135885	0.11136138413001304	0.019355141870354826	0.026222873119424856	0.09101592925790714	0.04639471536023263	0.04901733228634758	0.0999649203878036	0.038366366378708175	0.07908313234184328	0.35871661733730686
6_OFAV_020	239078	0.44121576666520296	1.0	0.1630120626340601	0.0967431571235331	0.05066895435962683	0.058779150379984005	0.06591171125345355	0.05902186633655859	0.07623982468973889	0.06909330786192672	0.14201281798037604	0.09370084972138643	0.07485739666546486	0.08294340167765163	0	0.090954967846915	0.09537448820247975	0.05955718729152033	0.9932442806694304	0.9901185770750988	0.990188679245283	0.984472049689441	0.9895531050493326	0.9421641791044776	0.17441762677655367	0.24671009705368224	0.9852507374631269	0.981829980532122	0.9887387387387389	0.9707927677329624	0.9849358974358976	0.9869346733668343	0.9902017291066281	0.9826875515251442	0.9824334797210024	1.0	0.1502472565091528	0.2036055143160127	0.04316988916206444	0.09138408488512693	0.06023619342868759	0.12196004649976956	0.0700276852314726	0.0695189411933168	0.057254949869641664	0.05240802610241683	0.05449370591537395	0.07789881511814672	0.06413790105257805	0.02028153504147717	0.3558746218320685
ABE_OFAV_001	239083	0.4614630616352282	1.0	0.10076958523361022	0.1507424555466804	0.1166753158526612	0.12258082220811305	0.10227600296366886	0.12465670311533084	0.13207063520600854	0.127643584056202	0.16231449655464514	0.07094696261881031	0.11702843409109605	0.14518548766168318	0.090954967846915	0	0.1281378793555639	0.12813787935556398	0.9932442806694304	0.9901185770750988	0.9901886792452831	0.984472049689441	0.9895531050493326	0.9421641791044776	0.21482026272279245	0.24647308378308722	0.9852507374631269	0.9818299805321221	0.9887387387387387	0.9707927677329622	0.9849358974358975	0.986934673366834	0.9902017291066284	0.9826875515251442	0.9824334797210024	1.0	0.09154106835651186	0.11768520148263695	0.10997010061124453	0.10103948022080624	0.11848630016959964	0.14633864234230406	0.13302583212661895	0.13229451257177	0.10530028362726657	0.11716318469273276	0.11663380241337082	0.10896399270504593	0.12152995027046616	0.08704541757492165	0.37715556580299925
ABE_OFAV_002	239084	0.3992719968891705	1.0	0.18827235921373114	0.09445019229024992	0.08701968690702087	0.06832794023577796	0.11273630549246152	0.10028082631267554	0.10734275039084519	0.10770485803236608	0.08347217454842863	0.07994934271295841	0.11841822485947205	0.11471317774013348	0.09537448820247975	0.1281378793555639	0	0.07049065995149872	0.9932442806694304	0.9901185770750988	0.990188679245283	0.984472049689441	0.9895531050493326	0.9421641791044776	0.21190644932671862	0.2474049073415472	0.9852507374631266	0.981829980532122	0.9887387387387387	0.9707927677329624	0.9849358974358973	0.9869346733668343	0.9902017291066282	0.9826875515251444	0.9824334797210024	1.0	0.11907809865887943	0.2036055143160127	0.07902701368432666	0.07397393351245408	0.11187930832314108	0.06416789305288827	0.10586064448573307	0.10598783049527204	0.06811716163269034	0.10519289929121774	0.10501127272076012	0.08141324215904008	0.09543615130899581	0.10237301393920485	0.38162605171818487
ABE_OFAV_003	239085	0.44728552449386816	1.0	0.19023022407097584	0.07341501140481273	0.04737516709401505	0.06409010044066327	0.06845836496024629	0.0475774174563691	0.05490733161854463	0.062120894438699066	0.14021743976545425	0.08124696360694166	0.08270628123248634	0.05804900097268736	0.05955718729152033	0.12813787935556398	0.07049065995149872	0	0.9932442806694304	0.9901185770750988	0.9901886792452831	0.984472049689441	0.9895531050493326	0.9421641791044778	0.17453177997345515	0.24947160730674023	0.9852507374631269	0.981829980532122	0.9887387387387387	0.9707927677329624	0.9849358974358976	0.9869346733668343	0.9902017291066284	0.9826875515251442	0.9824334797210024	1.0	0.17408170151167024	0.20360551431601276	0.045315636667967826	0.08105630389760077	0.07163603933157	0.10071190689179259	0.05194601768853354	0.051745138443265545	0.04879119973570331	0.0711653814762769	0.06518745038829565	0.05853074875719057	0.05229987126556995	0.06695620944318609	0.36451207937714336
BDA_011	239094	0.9932442806694304	1.0	0.9932442806694304	0.9932442806694304	0.9932442806694304	0.9932442806694304	0.9932442806694304	0.9932442806694304	0.9932442806694304	0.9932442806694304	0.9932442806694304	0.9932442806694306	0.9932442806694304	0.9932442806694304	0.9932442806694304	0.9932442806694304	0.9932442806694304	0.9932442806694304	0	0.2986553496837277	0.3204864581432201	0.29751419282791314	0.35496906539615086	0.3599013224985162	0.9932442806694304	0.9932442806694304	0.3058789549171616	0.3269292294460647	0.2978932986418016	0.410678802873551	0.28813526792568706	0.2717424061810666	0.22689725846467118	0.3194106428527939	0.26684198917309543	0.2349405119030292	0.9932442806694304	0.9932442806694304	0.9932442806694304	0.9932442806694304	0.9932442806694304	0.9932442806694304	0.9932442806694304	0.9932442806694304	0.9932442806694304	0.9932442806694304	0.9932442806694304	0.9932442806694304	0.9932442806694304	0.9932442806694304	0.9932442806694304
BDA_032	239109	0.9901185770750988	1.0	0.9901185770750988	0.9901185770750988	0.9901185770750988	0.9901185770750988	0.9901185770750988	0.9901185770750988	0.9901185770750988	0.9901185770750988	0.9901185770750988	0.9901185770750988	0.9901185770750988	0.9901185770750988	0.9901185770750988	0.9901185770750988	0.9901185770750988	0.9901185770750988	0.2986553496837277	0	0.07991846272404105	0.20280444193487665	0.3296418983037368	0.37301388315340295	0.9901185770750988	0.9901185770750988	0.22439782866870206	0.2195150728570585	0.1981581383755297	0.40956184570503973	0.2003724536333232	0.2001370488807675	0.22790111362971902	0.24142496689899812	0.1944519039416436	0.355715132781814	0.9901185770750988	0.9901185770750986	0.9901185770750988	0.9901185770750988	0.9901185770750988	0.9901185770750988	0.9901185770750988	0.9901185770750988	0.9901185770750988	0.9901185770750988	0.9901185770750988	0.9901185770750988	0.9901185770750988	0.9901185770750988	0.9901185770750988
BDA_035	239111	0.990188679245283	1.0	0.9901886792452831	0.9901886792452828	0.9901886792452831	0.990188679245283	0.9901886792452831	0.990188679245283	0.9901886792452828	0.990188679245283	0.990188679245283	0.9901886792452831	0.9901886792452831	0.9901886792452828	0.990188679245283	0.9901886792452831	0.990188679245283	0.9901886792452831	0.3204864581432201	0.07991846272404105	0	0.1881307863588421	0.30300769828841745	0.3830484370599831	0.990188679245283	0.9901886792452831	0.21703567651806088	0.20738946775556177	0.18378505864354916	0.4321137848689217	0.21601717464925013	0.22133308049682365	0.23721385460279476	0.2120138748463967	0.20836525104429166	0.3551483492781969	0.990188679245283	0.9901886792452831	0.990188679245283	0.9901886792452831	0.9901886792452831	0.9901886792452831	0.9901886792452828	0.990188679245283	0.9901886792452831	0.990188679245283	0.9901886792452831	0.990188679245283	0.990188679245283	0.9901886792452828	0.990188679245283
BDA_043	239118	0.984472049689441	1.0	0.984472049689441	0.984472049689441	0.984472049689441	0.984472049689441	0.984472049689441	0.984472049689441	0.984472049689441	0.984472049689441	0.984472049689441	0.984472049689441	0.984472049689441	0.984472049689441	0.984472049689441	0.984472049689441	0.984472049689441	0.984472049689441	0.29751419282791314	0.20280444193487665	0.1881307863588421	0	0.20931821213180823	0.2960670251228331	0.984472049689441	0.984472049689441	0.11168764543139308	0.08042087698155184	0.05757512170555648	0.3679610224690953	0.08285555024685459	0.12569888781381022	0.18445057010399696	0.12838145760472724	0.1014590095807173	0.27787318143532147	0.9844720496894408	0.984472049689441	0.984472049689441	0.984472049689441	0.984472049689441	0.984472049689441	0.984472049689441	0.984472049689441	0.984472049689441	0.984472049689441	0.984472049689441	0.984472049689441	0.984472049689441	0.984472049689441	0.984472049689441
BDA_109	239176	0.9895531050493326	1.0	0.9895531050493326	0.9895531050493326	0.9895531050493326	0.9895531050493326	0.9895531050493326	0.9895531050493326	0.9895531050493326	0.9895531050493326	0.9895531050493326	0.9895531050493328	0.9895531050493326	0.9895531050493326	0.9895531050493326	0.9895531050493326	0.9895531050493326	0.9895531050493326	0.35496906539615086	0.3296418983037368	0.30300769828841745	0.20931821213180823	0	0.3926291352292513	0.9895531050493326	0.9895531050493326	0.22475621099137397	0.20751048060311642	0.2234072798858058	0.4398649701292422	0.24735907108948307	0.261784838294782	0.25910825063850496	0.23614748141027822	0.2441886354371308	0.3376517007331948	0.9895531050493326	0.9895531050493326	0.9895531050493326	0.9895531050493326	0.9895531050493326	0.9895531050493326	0.9895531050493326	0.9895531050493326	0.9895531050493326	0.9895531050493326	0.9895531050493326	0.9895531050493326	0.9895531050493326	0.9895531050493326	0.9895531050493326
BDA_130	239194	0.911190727777044	0.9458955223880595	0.9421641791044776	0.9421641791044776	0.9421641791044778	0.9421641791044776	0.9421641791044776	0.9421641791044778	0.9421641791044775	0.9421641791044776	0.9421641791044775	0.9421641791044776	0.9421641791044775	0.9421641791044775	0.9421641791044776	0.9421641791044776	0.9421641791044776	0.9421641791044778	0.3599013224985162	0.37301388315340295	0.3830484370599831	0.2960670251228331	0.3926291352292513	0	0.9421641791044775	0.9421641791044776	0.30161770163091	0.29558728098637255	0.2839854780153288	0.2161221015921782	0.29957902793723695	0.31389534738368463	0.3299529012000518	0.34093957254125096	0.30243833788947283	0.341663900977418	0.9421641791044775	0.9421641791044776	0.9421641791044776	0.9421641791044778	0.9421641791044778	0.9421641791044775	0.9421641791044776	0.9421641791044778	0.9421641791044776	0.9421641791044776	0.9421641791044776	0.9421641791044776	0.9421641791044778	0.9421641791044775	0.9421641791044776
BDA_135	239198	0.543141592920354	1.0	0.28735632183908044	0.14926616345869057	0.16330645161290325	0.17557385666725076	0.15088575557720174	0.15242952259526846	0.14176511466296032	0.14680398888343954	0.24772497472194127	0.21362489486963832	0.1273909716908952	0.13087471708161358	0.17441762677655367	0.21482026272279245	0.21190644932671862	0.17453177997345515	0.9932442806694304	0.9901185770750988	0.990188679245283	0.984472049689441	0.9895531050493326	0.9421641791044775	0	0.27888687235329707	0.9852507374631269	0.981829980532122	0.9887387387387387	0.9707927677329624	0.9849358974358976	0.9869346733668343	0.9902017291066282	0.9826875515251442	0.9824334797210024	1.0	0.25205684367988035	0.24920466595970306	0.16081950865742	0.21764871722582468	0.12001965138254632	0.21108179419525064	0.1294117647058823	0.1405405405405405	0.19613728304841446	0.13645546372819095	0.14300951755825392	0.18513212352753902	0.13905365100986627	0.16812100058173352	0.44871794871794857
BDA_137	239200	0.4954192966395236	1.0	0.2489413188142771	0.2503440518812851	0.24504596969342154	0.24504723558835154	0.24628875738571465	0.24349345894301833	0.2512665707305815	0.2449951297550161	0.2471872998629205	0.24368111194723566	0.24298035011809924	0.2504256914420255	0.24671009705368224	0.24647308378308722	0.2474049073415472	0.24947160730674023	0.9932442806694304	0.9901185770750988	0.9901886792452831	0.984472049689441	0.9895531050493326	0.9421641791044776	0.27888687235329707	0	0.9852507374631269	0.981829980532122	0.9887387387387387	0.9707927677329622	0.9849358974358975	0.986934673366834	0.9902017291066281	0.9826875515251442	0.9824334797210024	1.0	0.23751878341819524	0.24710879476821287	0.24910477501040218	0.24893816353586293	0.24420338643943296	0.2613430127041742	0.2481474642145081	0.24837003973120136	0.2501202539934865	0.2429775397932468	0.24919992113870013	0.24876739984202836	0.2340402900404444	0.24544229523277616	0.3537985842886024
BDA_139	239202	0.9852507374631269	1.0	0.985250737463127	0.9852507374631269	0.9852507374631269	0.9852507374631266	0.9852507374631266	0.9852507374631269	0.9852507374631269	0.9852507374631266	0.9852507374631269	0.9852507374631269	0.9852507374631269	0.9852507374631269	0.9852507374631269	0.9852507374631269	0.9852507374631266	0.9852507374631269	0.3058789549171616	0.22439782866870206	0.21703567651806088	0.11168764543139308	0.22475621099137397	0.30161770163091	0.9852507374631269	0.9852507374631269	0	0.10892467798970297	0.09285059395678864	0.34572822322523855	0.11386309118610004	0.12846067675079992	0.18671995589187196	0.1428175381950488	0.10383694196845313	0.2928404673677104	0.9852507374631269	0.9852507374631266	0.9852507374631269	0.9852507374631269	0.9852507374631269	0.985250737463127	0.9852507374631269	0.9852507374631266	0.9852507374631269	0.985250737463127	0.9852507374631269	0.985250737463127	0.9852507374631269	0.985250737463127	0.9852507374631269
BDA_144	239205	0.9818299805321221	1.0	0.981829980532122	0.9818299805321218	0.981829980532122	0.981829980532122	0.9818299805321218	0.981829980532122	0.9818299805321221	0.981829980532122	0.9818299805321221	0.9818299805321221	0.981829980532122	0.981829980532122	0.981829980532122	0.9818299805321221	0.981829980532122	0.981829980532122	0.3269292294460647	0.2195150728570585	0.20738946775556177	0.08042087698155184	0.20751048060311642	0.29558728098637255	0.981829980532122	0.981829980532122	0.10892467798970297	0	0.08320690905051702	0.34650566481855705	0.11520532787567173	0.1303191275434059	0.2096331399012954	0.13685024820340747	0.10489654096057958	0.2841440342507835	0.9818299805321218	0.9818299805321221	0.981829980532122	0.9818299805321221	0.981829980532122	0.981829980532122	0.981829980532122	0.981829980532122	0.981829980532122	0.981829980532122	0.9818299805321218	0.9818299805321218	0.981829980532122	0.9818299805321221	0.9818299805321221
BDA_158	239215	0.9887387387387387	1.0	0.9887387387387387	0.9887387387387387	0.9887387387387387	0.9887387387387387	0.9887387387387387	0.9887387387387389	0.9887387387387385	0.9887387387387385	0.9887387387387387	0.9887387387387389	0.9887387387387387	0.9887387387387387	0.9887387387387389	0.9887387387387387	0.9887387387387387	0.9887387387387387	0.2978932986418016	0.1981581383755297	0.18378505864354916	0.05757512170555648	0.2234072798858058	0.2839854780153288	0.9887387387387387	0.9887387387387387	0.09285059395678864	0.08320690905051702	0	0.35713782280193956	0.07504331254331252	0.10581001856127482	0.18107426590855977	0.1379318828308935	0.08824337124517961	0.27633717337757435	0.9887387387387385	0.9887387387387385	0.9887387387387387	0.9887387387387387	0.9887387387387387	0.9887387387387385	0.9887387387387387	0.9887387387387387	0.9887387387387387	0.9887387387387387	0.9887387387387387	0.9887387387387385	0.9887387387387387	0.9887387387387389	0.9887387387387387
BDA_177	239233	0.9398193164055288	0.9624478442280946	0.9707927677329624	0.9707927677329624	0.9707927677329624	0.9707927677329624	0.9707927677329624	0.9707927677329624	0.9707927677329622	0.9707927677329622	0.9707927677329626	0.9707927677329624	0.9707927677329622	0.9707927677329626	0.9707927677329624	0.9707927677329622	0.9707927677329624	0.9707927677329624	0.410678802873551	0.40956184570503973	0.4321137848689217	0.3679610224690953	0.4398649701292422	0.2161221015921782	0.9707927677329624	0.9707927677329622	0.34572822322523855	0.34650566481855705	0.35713782280193956	0	0.3515062765236619	0.34608182311650987	0.37019715984015594	0.3804622385905129	0.3418368245169584	0.3908745965945151	0.9707927677329624	0.9707927677329622	0.9707927677329626	0.9707927677329624	0.9707927677329624	0.9707927677329626	0.9707927677329624	0.9707927677329626	0.9707927677329624	0.9707927677329626	0.9707927677329624	0.9707927677329624	0.9707927677329624	0.9707927677329624	0.9707927677329624
BDA_207	239257	0.9849358974358976	1.0	0.9849358974358975	0.9849358974358973	0.9849358974358973	0.9849358974358975	0.9849358974358975	0.9849358974358975	0.9849358974358975	0.9849358974358975	0.9849358974358976	0.9849358974358975	0.9849358974358975	0.9849358974358975	0.9849358974358976	0.9849358974358975	0.9849358974358973	0.9849358974358976	0.28813526792568706	0.2003724536333232	0.21601717464925013	0.08285555024685459	0.24735907108948307	0.29957902793723695	0.9849358974358976	0.9849358974358975	0.11386309118610004	0.11520532787567173	0.07504331254331252	0.3515062765236619	0	0.10141090065713185	0.1700084977462499	0.15626862832139005	0.08036161397372975	0.2908728629132639	0.9849358974358976	0.9849358974358973	0.9849358974358976	0.9849358974358975	0.9849358974358975	0.9849358974358976	0.9849358974358976	0.9849358974358976	0.9849358974358975	0.9849358974358976	0.9849358974358975	0.9849358974358973	0.9849358974358975	0.9849358974358976	0.9849358974358975
BDA_211	239261	0.9869346733668343	1.0	0.9869346733668343	0.9869346733668343	0.9869346733668343	0.9869346733668343	0.9869346733668343	0.986934673366834	0.9869346733668343	0.9869346733668343	0.9869346733668343	0.9869346733668343	0.9869346733668343	0.9869346733668343	0.9869346733668343	0.986934673366834	0.9869346733668343	0.9869346733668343	0.2717424061810666	0.2001370488807675	0.22133308049682365	0.12569888781381022	0.261784838294782	0.31389534738368463	0.9869346733668343	0.986934673366834	0.12846067675079992	0.1303191275434059	0.10581001856127482	0.34608182311650987	0.10141090065713185	0	0.15769384868627476	0.161965640237461	0.06632231163567769	0.27263113773271835	0.986934673366834	0.9869346733668343	0.9869346733668343	0.9869346733668343	0.9869346733668343	0.9869346733668343	0.9869346733668343	0.9869346733668343	0.9869346733668343	0.9869346733668344	0.9869346733668343	0.9869346733668343	0.9869346733668343	0.9869346733668343	0.9869346733668343
BDA_239	239280	0.9902017291066284	1.0	0.9902017291066282	0.9902017291066282	0.9902017291066281	0.9902017291066281	0.9902017291066282	0.9902017291066281	0.9902017291066282	0.9902017291066284	0.9902017291066282	0.9902017291066282	0.9902017291066281	0.9902017291066284	0.9902017291066281	0.9902017291066284	0.9902017291066282	0.9902017291066284	0.22689725846467118	0.22790111362971902	0.23721385460279476	0.18445057010399696	0.25910825063850496	0.3299529012000518	0.9902017291066282	0.9902017291066281	0.18671995589187196	0.2096331399012954	0.18107426590855977	0.37019715984015594	0.1700084977462499	0.15769384868627476	0	0.19599511535692812	0.14424937669227392	0.20924437552968447	0.9902017291066282	0.9902017291066282	0.9902017291066282	0.9902017291066282	0.9902017291066282	0.9902017291066282	0.9902017291066282	0.9902017291066284	0.9902017291066282	0.9902017291066282	0.9902017291066282	0.9902017291066282	0.9902017291066281	0.9902017291066281	0.9902017291066282
BDA_254	239287	0.9826875515251444	1.0	0.9826875515251444	0.9826875515251442	0.9826875515251442	0.9826875515251442	0.9826875515251442	0.9826875515251442	0.9826875515251442	0.9826875515251442	0.9826875515251442	0.9826875515251442	0.9826875515251442	0.9826875515251442	0.9826875515251442	0.9826875515251442	0.9826875515251444	0.9826875515251442	0.3194106428527939	0.24142496689899812	0.2120138748463967	0.12838145760472724	0.23614748141027822	0.34093957254125096	0.9826875515251442	0.9826875515251442	0.1428175381950488	0.13685024820340747	0.1379318828308935	0.3804622385905129	0.15626862832139005	0.161965640237461	0.19599511535692812	0	0.15621667703469883	0.26666664945396584	0.9826875515251444	0.9826875515251444	0.9826875515251442	0.9826875515251442	0.9826875515251442	0.9826875515251442	0.9826875515251442	0.9826875515251442	0.9826875515251442	0.9826875515251442	0.9826875515251442	0.9826875515251442	0.9826875515251442	0.9826875515251442	0.9826875515251442
BDA_264	239291	0.9824334797210024	1.0	0.9824334797210024	0.9824334797210024	0.9824334797210024	0.9824334797210024	0.9824334797210024	0.9824334797210024	0.9824334797210024	0.9824334797210024	0.9824334797210024	0.9824334797210024	0.9824334797210024	0.9824334797210024	0.9824334797210024	0.9824334797210024	0.9824334797210024	0.9824334797210024	0.26684198917309543	0.1944519039416436	0.20836525104429166	0.1014590095807173	0.2441886354371308	0.30243833788947283	0.9824334797210024	0.9824334797210024	0.10383694196845313	0.10489654096057958	0.08824337124517961	0.3418368245169584	0.08036161397372975	0.06632231163567769	0.14424937669227392	0.15621667703469883	0	0.2410359363510159	0.9824334797210024	0.9824334797210024	0.9824334797210024	0.9824334797210024	0.9824334797210024	0.9824334797210024	0.9824334797210024	0.9824334797210024	0.9824334797210021	0.9824334797210024	0.9824334797210024	0.9824334797210024	0.9824334797210024	0.9824334797210024	0.9824334797210024
BDA_275	239300	1.0	1.0	1.0	1.0	1.0	1.0	1.0	1.0	1.0	1.0	1.0	1.0	1.0	1.0	1.0	1.0	1.0	1.0	0.2349405119030292	0.355715132781814	0.3551483492781969	0.27787318143532147	0.3376517007331948	0.341663900977418	1.0	1.0	0.2928404673677104	0.2841440342507835	0.27633717337757435	0.3908745965945151	0.2908728629132639	0.27263113773271835	0.20924437552968447	0.26666664945396584	0.2410359363510159	0	1.0	1.0	1.0	1.0	1.0	1.0	1.0	1.0	1.0	1.0	1.0	1.0	1.0	1.0	1.0
BW24b_OFAV_001	239387	0.40851182478273235	1.0	0.12206088429233403	0.16154635180666574	0.1578926601040686	0.1474112477702264	0.15874766384588046	0.17127898279730736	0.1769329964557162	0.17665458732966938	0.11731590502256306	0.12594947577928567	0.16452288723226116	0.18576454359086605	0.1502472565091528	0.09154106835651186	0.11907809865887943	0.17408170151167024	0.9932442806694304	0.9901185770750988	0.990188679245283	0.9844720496894408	0.9895531050493326	0.9421641791044775	0.25205684367988035	0.23751878341819524	0.9852507374631269	0.9818299805321218	0.9887387387387385	0.9707927677329624	0.9849358974358976	0.986934673366834	0.9902017291066282	0.9826875515251444	0.9824334797210024	1.0	0	0.1342863329449528	0.154622652812191	0.15271156279633316	0.17517168235878758	0.14202631417954187	0.18124803055508323	0.18331480321009117	0.14907269396475362	0.1718756889627903	0.17518635370715438	0.1518584160988037	0.16818963202117107	0.1443253275714009	0.38140306464913787
BW5_OFAV_005	239394	0.4933006597284132	1.0	0.11255043210102267	0.20259898988083466	0.20360551431601273	0.20360551431601273	0.17901385772313555	0.2036055143160127	0.1989215734680839	0.19772027645431586	0.20400009864608254	0.15230189783157203	0.1803369733574252	0.20360551431601281	0.2036055143160127	0.11768520148263695	0.2036055143160127	0.20360551431601276	0.9932442806694304	0.9901185770750986	0.9901886792452831	0.984472049689441	0.9895531050493326	0.9421641791044776	0.24920466595970306	0.24710879476821287	0.9852507374631266	0.9818299805321221	0.9887387387387385	0.9707927677329622	0.9849358974358973	0.9869346733668343	0.9902017291066282	0.9826875515251444	0.9824334797210024	1.0	0.1342863329449528	0	0.20465548118370355	0.18753559607524592	0.20082216752057208	0.21420996818663837	0.20360551431601273	0.2036055143160127	0.20360551431601268	0.20360551431601276	0.2036055143160128	0.18418494761750906	0.19936373276776242	0.19909702777124902	0.40736057862250863
CS_DLAB_006	239405	0.45176275147352224	1.0	0.16961056458444695	0.08808905725386891	0.060169324864531346	0.08103973895698978	0.07046717939521387	0.05857063255224439	0.06708795712430618	0.06789439845592761	0.15192528015770243	0.09481430076367853	0.07174335220135336	0.07428930180798744	0.04316988916206444	0.10997010061124453	0.07902701368432666	0.045315636667967826	0.9932442806694304	0.9901185770750988	0.990188679245283	0.984472049689441	0.9895531050493326	0.9421641791044776	0.16081950865742	0.24910477501040218	0.9852507374631269	0.981829980532122	0.9887387387387387	0.9707927677329626	0.9849358974358976	0.9869346733668343	0.9902017291066282	0.9826875515251442	0.9824334797210024	1.0	0.154622652812191	0.20465548118370355	0	0.077702311477992	0.06484977574559535	0.12640629705347056	0.06660260381964458	0.06866937647465253	0.03633325337407887	0.06190038441626941	0.06002841531088648	0.05081109007981936	0.05787847913963376	0.0410372924914286	0.3647727034999267
Green_Can_OFAV_071	239697	0.4591269326440642	1.0	0.17424713777872833	0.13162149960557032	0.08989394717935194	0.09835131419286403	0.0934202584018133	0.10204877149474324	0.11130617090111096	0.10571443543874441	0.1361959279734252	0.06712788475696894	0.10446697954174876	0.12374224035365558	0.09138408488512693	0.10103948022080624	0.07397393351245408	0.08105630389760077	0.9932442806694304	0.9901185770750988	0.9901886792452831	0.984472049689441	0.9895531050493326	0.9421641791044778	0.21764871722582468	0.24893816353586293	0.9852507374631269	0.9818299805321221	0.9887387387387387	0.9707927677329624	0.9849358974358975	0.9869346733668343	0.9902017291066282	0.9826875515251442	0.9824334797210024	1.0	0.15271156279633316	0.18753559607524592	0.077702311477992	0	0.10529286463697014	0.11965368184343975	0.11109668350916131	0.1103653639543124	0.07013630021727581	0.10487472049867931	0.09818144622509735	0.03949797897465846	0.10716480621076273	0.09306550737625158	0.3804912782922367
JOES_OFAV_004	239704	0.4650545894077897	1.0	0.19851655501619633	0.06781084679656973	0.045467268727138535	0.059836285184171834	0.04018207300611844	0.04205500104323925	0.04833282291903523	0.040762105527815055	0.13969265814803145	0.1060554861062032	0.029579776098066543	0.03742800211135885	0.06023619342868759	0.11848630016959964	0.11187930832314108	0.07163603933157	0.9932442806694304	0.9901185770750988	0.9901886792452831	0.984472049689441	0.9895531050493326	0.9421641791044778	0.12001965138254632	0.24420338643943296	0.9852507374631269	0.981829980532122	0.9887387387387387	0.9707927677329624	0.9849358974358975	0.9869346733668343	0.9902017291066282	0.9826875515251442	0.9824334797210024	1.0	0.17517168235878758	0.20082216752057208	0.06484977574559535	0.10529286463697014	0	0.12772594442491836	0.0239573457781573	0.03664415022966762	0.09385805311373324	0.02620940559335586	0.028979164307502657	0.09384352009631788	0.03267896044871962	0.05549352074134531	0.3776560735490753
NC0001_DLAB_005	239724	0.38851075256263573	1.0	0.21212052285203045	0.0946484854259065	0.08624980494793882	0.0856218327444008	0.12218497163188047	0.10299282975269505	0.10684273929601515	0.12084148031589807	0.10434835966075377	0.12332041071297804	0.13839625479203715	0.11136138413001304	0.12196004649976956	0.14633864234230406	0.06416789305288827	0.10071190689179259	0.9932442806694304	0.9901185770750988	0.9901886792452831	0.984472049689441	0.9895531050493326	0.9421641791044775	0.21108179419525064	0.2613430127041742	0.985250737463127	0.981829980532122	0.9887387387387385	0.9707927677329626	0.9849358974358976	0.9869346733668343	0.9902017291066282	0.9826875515251442	0.9824334797210024	1.0	0.14202631417954187	0.21420996818663837	0.12640629705347056	0.11965368184343975	0.12772594442491836	0	0.10980993409986116	0.09864936176281824	0.11318410743878767	0.12586599988854727	0.12017270328615978	0.1296185692841044	0.11294851648120327	0.12555365737479046	0.35373114133008576
