202
5736960    0.0000000 0.0116028 0.0076819 0.0077116 0.0116447 0.0038282 0.0116030 0.0038282 0.0116447 0.0116030 0.0118787 0.0155789 0.0077094 0.0116447 0.0038282 0.0116447 0.0116447 0.0116030 0.0116028 0.0076819 0.0039336 0.0233589 0.0116030 0.0196109 0.0154681 0.0038282 0.0156353 0.0116447 0.0155228 0.0116030 0.0076819 0.0257585 0.0000010 0.0076819 0.0076819 0.0233589 0.0038428 0.0194003 0.0039182 0.0155796 0.0077093 0.0038282 0.0077093 0.0154681 0.0040613 0.0212108 0.0076819 0.0115614 0.0044601 0.0077093 0.0078941 0.0077093 0.0116028 0.0038282 0.0156353 0.0116447 0.0156353 0.0195408 0.0116447 0.0233589 0.0116030 0.0116030 0.0116030 0.0116030 0.0115614 0.0116030 0.0116447 0.0116447 0.0199419 0.0158985 0.0240133 0.0042332 0.0077093 0.0077093 0.0082843 0.0084953 0.0195408 0.0155789 0.0077094 0.0076819 0.0039489 0.0116479 0.0077093 0.0154681 0.0116028 0.0038428 0.0084593 0.0116028 0.0078941 0.0077390 0.0116030 0.0116447 0.0155228 0.0156353 0.0041801 0.0116030 0.0116447 0.0116030 0.0076819 0.0038428 0.0194703 0.0077392 0.0116447 0.0116447 0.0038282 0.0115614 0.0077093 0.0115614 0.0116028 0.0116062 0.0116028 0.0119256 0.0115614 0.0076819 0.0115614 0.0116447 0.0155228 0.0116030 0.0076819 0.0155228 0.0155228 0.0077094 0.0076819 0.0116447 0.0040615 0.0155228 0.0196109 0.0115582 0.0194003 0.0038282 0.0115614 0.0116030 0.0116030 0.0156396 0.0116447 0.0274440 0.0155841 0.0195464 0.0116447 0.0194703 0.0116030 0.0077392 0.0038282 0.0116030 0.0076820 0.0116030 0.0118323 0.0116030 0.0079230 0.0115614 0.0115614 0.0125239 0.0039490 0.0077093 0.0077392 0.0116030 0.0077694 0.0116447 0.0116447 0.0116447 0.0078918 0.0076819 0.0116447 0.0038282 0.0077390 0.0116479 0.0038282 0.0038429 0.0076819 0.0115614 0.0194758 0.0076819 0.0076819 0.0038282 0.0076819 0.0076819 0.0314714 0.0077094 0.0077094 0.0116030 0.0077094 0.0078941 0.0078606 0.0155236 0.0116030 0.0116030 0.0116030 0.0116447 0.0038136 0.0077392 0.0077094 0.0116479 0.0077094 0.0038282 0.0076819 0.0038282 0.0076819 0.0233589 0.0115614 0.0039335 0.0116030 0.0195408 
1          0.0116028 0.0000000 0.0038282 0.0038429 0.0156396 0.0076819 0.0155841 0.0076819 0.0156396 0.0155841 0.0159562 0.0196175 0.0116479 0.0156396 0.0076819 0.0156396 0.0156396 0.0155841 0.0155236 0.0115614 0.0078941 0.0273443 0.0155841 0.0237083 0.0194003 0.0076819 0.0196891 0.0156396 0.0195464 0.0155841 0.0115614 0.0257585 0.0116028 0.0115614 0.0115614 0.0194003 0.0077114 0.0233589 0.0078941 0.0038282 0.0116028 0.0076819 0.0116028 0.0194003 0.0040613 0.0211277 0.0115614 0.0154681 0.0089551 0.0116028 0.0118818 0.0196118 0.0077093 0.0076819 0.0196891 0.0156396 0.0196891 0.0195464 0.0156396 0.0273443 0.0155841 0.0155841 0.0155841 0.0155841 0.0154681 0.0155841 0.0156396 0.0156396 0.0240133 0.0199419 0.0281130 0.0084976 0.0116028 0.0116028 0.0124715 0.0084953 0.0236216 0.0196175 0.0116479 0.0115614 0.0079250 0.0155841 0.0116028 0.0194003 0.0155236 0.0077114 0.0084593 0.0155236 0.0118818 0.0116477 0.0155841 0.0156396 0.0195464 0.0196891 0.0041640 0.0155841 0.0156396 0.0155841 0.0115614 0.0077114 0.0234436 0.0116932 0.0156396 0.0156396 0.0076819 0.0076819 0.0116028 0.0076819 0.0077093 0.0077116 0.0155236 0.0159571 0.0154681 0.0115614 0.0076819 0.0156396 0.0195464 0.0155841 0.0115614 0.0195464 0.0195464 0.0116479 0.0115614 0.0156396 0.0081519 0.0195464 0.0237083 0.0155236 0.0233589 0.0076819 0.0076819 0.0155841 0.0155841 0.0196947 0.0156396 0.0314714 0.0195464 0.0236283 0.0156396 0.0235356 0.0155841 0.0116932 0.0076819 0.0155841 0.0116062 0.0155841 0.0158937 0.0155841 0.0119256 0.0154681 0.0154681 0.0167595 0.0079253 0.0116028 0.0116479 0.0155841 0.0117393 0.0156396 0.0156396 0.0156396 0.0119256 0.0115614 0.0156396 0.0076819 0.0116477 0.0077392 0.0076819 0.0077116 0.0115614 0.0076819 0.0234502 0.0115614 0.0115614 0.0076819 0.0115614 0.0115614 0.0355263 0.0116479 0.0116479 0.0155841 0.0116479 0.0118818 0.0118792 0.0194703 0.0155841 0.0155841 0.0155841 0.0156396 0.0076819 0.0116479 0.0116479 0.0155841 0.0116479 0.0076819 0.0115614 0.0076819 0.0115614 0.0273443 0.0154681 0.0078939 0.0155841 0.0076819 
2          0.0076819 0.0038282 0.0000000 0.0000010 0.0116479 0.0038147 0.0116062 0.0038147 0.0116479 0.0116062 0.0118821 0.0155841 0.0077116 0.0116479 0.0038147 0.0116479 0.0116479 0.0116062 0.0115614 0.0076547 0.0039193 0.0232748 0.0116062 0.0196175 0.0154130 0.0038147 0.0156396 0.0116479 0.0155281 0.0116062 0.0076547 0.0213012 0.0076819 0.0076547 0.0076547 0.0154130 0.0038292 0.0193308 0.0039193 0.0077093 0.0076819 0.0038147 0.0076819 0.0154130 0.0000010 0.0211277 0.0076547 0.0115202 0.0044419 0.0076819 0.0078654 0.0155796 0.0038282 0.0038147 0.0156396 0.0116479 0.0156396 0.0155281 0.0116479 0.0232748 0.0116062 0.0116062 0.0116062 0.0116062 0.0115202 0.0116062 0.0116479 0.0116479 0.0198684 0.0158402 0.0239244 0.0042167 0.0076819 0.0076819 0.0082528 0.0042155 0.0195464 0.0155841 0.0077116 0.0076547 0.0039346 0.0116062 0.0076819 0.0154130 0.0115614 0.0038292 0.0041978 0.0115614 0.0078654 0.0077114 0.0116062 0.0116479 0.0155281 0.0156396 0.0041640 0.0116062 0.0116479 0.0116062 0.0076547 0.0038292 0.0194003 0.0077413 0.0116479 0.0116479 0.0038147 0.0038147 0.0076819 0.0038147 0.0038282 0.0038293 0.0115614 0.0118818 0.0115202 0.0076547 0.0038147 0.0116479 0.0155281 0.0116062 0.0076547 0.0155281 0.0155281 0.0077116 0.0076547 0.0116479 0.0040464 0.0155281 0.0196175 0.0115614 0.0193308 0.0038147 0.0038147 0.0116062 0.0116062 0.0156451 0.0116479 0.0273443 0.0155281 0.0195520 0.0116479 0.0194758 0.0116062 0.0077413 0.0038147 0.0116062 0.0076842 0.0116062 0.0118359 0.0116062 0.0078941 0.0115202 0.0115202 0.0124758 0.0039347 0.0076819 0.0077116 0.0116062 0.0077716 0.0116479 0.0116479 0.0116479 0.0078941 0.0076547 0.0116479 0.0038147 0.0077114 0.0038429 0.0038147 0.0038293 0.0076547 0.0038147 0.0194058 0.0076547 0.0076547 0.0038147 0.0076547 0.0076547 0.0313566 0.0077116 0.0077116 0.0116062 0.0077116 0.0078654 0.0078627 0.0154681 0.0116062 0.0116062 0.0116062 0.0116479 0.0038147 0.0077116 0.0077116 0.0116062 0.0077116 0.0038147 0.0076547 0.0038147 0.0076547 0.0232748 0.0115202 0.0039192 0.0116062 0.0116028 
4          0.0077116 0.0038429 0.0000010 0.0000000 0.0116934 0.0038293 0.0116514 0.0038293 0.0116934 0.0116514 0.0118821 0.0156442 0.0077415 0.0116934 0.0038293 0.0116934 0.0116934 0.0116514 0.0116062 0.0076842 0.0039193 0.0233655 0.0116514 0.0196947 0.0154726 0.0038293 0.0157011 0.0116934 0.0155887 0.0116514 0.0076842 0.0213923 0.0077116 0.0076842 0.0076842 0.0154726 0.0038440 0.0194058 0.0039193 0.0077392 0.0077116 0.0038293 0.0077116 0.0154726 0.0000010 0.0211277 0.0076842 0.0115648 0.0044419 0.0077116 0.0078654 0.0156396 0.0038429 0.0038293 0.0157011 0.0116934 0.0157011 0.0155887 0.0116934 0.0233655 0.0116514 0.0116514 0.0116514 0.0116514 0.0115648 0.0116514 0.0116934 0.0116934 0.0198684 0.0158402 0.0239244 0.0042346 0.0077116 0.0077116 0.0082870 0.0042334 0.0196231 0.0156442 0.0077415 0.0076842 0.0039502 0.0116514 0.0077116 0.0154726 0.0116062 0.0038440 0.0042155 0.0116062 0.0078654 0.0077413 0.0116514 0.0116934 0.0155887 0.0157011 0.0041640 0.0116514 0.0116934 0.0116514 0.0076842 0.0038440 0.0194758 0.0077715 0.0116934 0.0116934 0.0038293 0.0038293 0.0077116 0.0038293 0.0038429 0.0038293 0.0116062 0.0118818 0.0115648 0.0076842 0.0038293 0.0116934 0.0155887 0.0116514 0.0076842 0.0155887 0.0155887 0.0077415 0.0076842 0.0116934 0.0040628 0.0155887 0.0196947 0.0116062 0.0194058 0.0038293 0.0038293 0.0116514 0.0116514 0.0157065 0.0116934 0.0274515 0.0155887 0.0196287 0.0116934 0.0195520 0.0116514 0.0077715 0.0038293 0.0116514 0.0077139 0.0116514 0.0118828 0.0116514 0.0078941 0.0115648 0.0115648 0.0125279 0.0039347 0.0077116 0.0077415 0.0116514 0.0078020 0.0116934 0.0116934 0.0116934 0.0079255 0.0076842 0.0116934 0.0038293 0.0077413 0.0038578 0.0038293 0.0038441 0.0076842 0.0038293 0.0194814 0.0076842 0.0076842 0.0038293 0.0076842 0.0076842 0.0314800 0.0077415 0.0077415 0.0116514 0.0077415 0.0078654 0.0078939 0.0155281 0.0116514 0.0116514 0.0116514 0.0116934 0.0038293 0.0077415 0.0077415 0.0116514 0.0077415 0.0038293 0.0076842 0.0038293 0.0076842 0.0233655 0.0115648 0.0039347 0.0116514 0.0116479 
5736969    0.0116447 0.0156396 0.0116479 0.0116934 0.0000000 0.0077392 0.0076820 0.0077392 0.0077094 0.0076820 0.0078633 0.0116030 0.0038282 0.0077094 0.0077392 0.0077094 0.0077094 0.0076820 0.0156396 0.0116479 0.0079546 0.0275520 0.0076820 0.0155789 0.0195464 0.0077392 0.0038282 0.0077094 0.0115616 0.0076820 0.0116479 0.0304169 0.0116899 0.0116479 0.0116479 0.0275520 0.0077691 0.0235356 0.0079232 0.0196891 0.0116899 0.0077392 0.0116899 0.0195464 0.0082159 0.0257585 0.0116479 0.0155841 0.0090328 0.0116899 0.0079546 0.0197612 0.0156396 0.0077392 0.0038282 0.0077094 0.0038282 0.0155228 0.0077094 0.0275520 0.0076820 0.0076820 0.0076820 0.0076820 0.0155841 0.0076820 0.0077094 0.0077094 0.0242001 0.0200963 0.0283326 0.0085678 0.0116899 0.0116899 0.0125721 0.0128962 0.0155228 0.0116030 0.0038282 0.0116479 0.0079860 0.0077116 0.0116899 0.0195464 0.0156396 0.0077691 0.0128409 0.0156396 0.0119733 0.0117355 0.0076820 0.0077094 0.0115616 0.0116447 0.0084590 0.0076820 0.0077094 0.0076820 0.0116479 0.0077691 0.0236216 0.0038429 0.0077094 0.0077094 0.0077392 0.0155841 0.0116899 0.0155841 0.0156396 0.0156442 0.0156396 0.0079255 0.0155841 0.0116479 0.0155841 0.0077094 0.0115616 0.0076820 0.0116479 0.0115616 0.0115616 0.0038282 0.0116479 0.0077094 0.0082163 0.0115616 0.0076820 0.0155789 0.0235356 0.0077392 0.0155841 0.0076820 0.0076820 0.0038293 0.0077094 0.0317123 0.0116062 0.0155281 0.0077094 0.0154672 0.0076820 0.0038429 0.0077392 0.0076820 0.0116030 0.0076820 0.0078321 0.0076820 0.0120177 0.0155841 0.0155841 0.0082872 0.0079863 0.0116899 0.0038429 0.0076820 0.0038578 0.0077094 0.0077094 0.0077094 0.0039182 0.0116479 0.0077094 0.0077392 0.0117355 0.0077116 0.0077392 0.0077693 0.0116479 0.0155841 0.0236283 0.0116479 0.0116479 0.0077392 0.0116479 0.0116479 0.0357994 0.0038282 0.0038282 0.0076820 0.0038282 0.0119733 0.0039028 0.0196175 0.0076820 0.0076820 0.0076820 0.0077094 0.0077094 0.0038429 0.0038282 0.0077116 0.0038282 0.0077392 0.0116479 0.0077392 0.0116479 0.0275520 0.0155841 0.0079544 0.0076820 0.0237083 
790538     0.0038282 0.0076819 0.0038147 0.0038293 0.0077392 0.0000000 0.0077116 0.0000010 0.0077392 0.0077116 0.0078943 0.0116479 0.0038429 0.0077392 0.0000010 0.0077392 0.0077392 0.0077116 0.0076819 0.0038147 0.0000010 0.0193308 0.0077116 0.0156396 0.0115202 0.0000010 0.0116899 0.0077392 0.0116062 0.0077116 0.0038147 0.0213012 0.0038282 0.0038147 0.0038147 0.0193308 0.0000010 0.0154130 0.0000010 0.0116028 0.0038282 0.0000010 0.0038282 0.0115202 0.0000010 0.0168405 0.0038147 0.0076547 0.0000010 0.0038282 0.0039193 0.0116445 0.0076819 0.0000010 0.0116899 0.0077392 0.0116899 0.0116062 0.0077392 0.0193308 0.0077116 0.0077116 0.0077116 0.0077116 0.0076547 0.0077116 0.0077392 0.0077392 0.0158402 0.0118395 0.0198684 0.0000010 0.0038282 0.0038282 0.0041116 0.0042155 0.0155841 0.0116479 0.0038429 0.0038147 0.0000010 0.0077116 0.0038282 0.0115202 0.0076819 0.0000010 0.0041978 0.0076819 0.0039193 0.0038428 0.0077116 0.0077392 0.0116062 0.0116899 0.0000010 0.0077116 0.0077392 0.0077116 0.0038147 0.0000010 0.0154681 0.0038577 0.0077392 0.0077392 0.0000010 0.0076547 0.0038282 0.0076547 0.0076819 0.0076842 0.0076819 0.0078941 0.0076547 0.0038147 0.0076547 0.0077392 0.0116062 0.0077116 0.0038147 0.0116062 0.0116062 0.0038429 0.0038147 0.0077392 0.0000010 0.0116062 0.0156396 0.0076819 0.0154130 0.0000010 0.0076547 0.0077116 0.0077116 0.0116932 0.0077392 0.0233589 0.0116062 0.0155887 0.0077392 0.0155281 0.0077116 0.0038577 0.0000010 0.0077116 0.0038293 0.0077116 0.0078627 0.0077116 0.0039336 0.0076547 0.0076547 0.0082872 0.0000010 0.0038282 0.0038429 0.0077116 0.0038727 0.0077392 0.0077392 0.0077392 0.0039336 0.0038147 0.0077392 0.0000010 0.0038428 0.0077116 0.0000010 0.0000010 0.0038147 0.0076547 0.0154726 0.0038147 0.0038147 0.0000010 0.0038147 0.0038147 0.0273443 0.0038429 0.0038429 0.0077116 0.0038429 0.0039193 0.0039180 0.0115614 0.0077116 0.0077116 0.0077116 0.0077392 0.0000010 0.0038282 0.0038282 0.0077116 0.0038429 0.0000010 0.0038147 0.0000010 0.0038147 0.0193308 0.0076547 0.0000010 0.0077116 0.0155236 
5736970    0.0116030 0.0155841 0.0116062 0.0116514 0.0076820 0.0077116 0.0000000 0.0077116 0.0076820 0.0076549 0.0078348 0.0115616 0.0038148 0.0076820 0.0077116 0.0076820 0.0076820 0.0076549 0.0155841 0.0116062 0.0079255 0.0274515 0.0076549 0.0155228 0.0194758 0.0077116 0.0116030 0.0076526 0.0115205 0.0076549 0.0116062 0.0302944 0.0116479 0.0116062 0.0116062 0.0274515 0.0077413 0.0234502 0.0078943 0.0196175 0.0116479 0.0077116 0.0116479 0.0194758 0.0081848 0.0213012 0.0116062 0.0155281 0.0089954 0.0116479 0.0119292 0.0196891 0.0155841 0.0077116 0.0116030 0.0076820 0.0116030 0.0154672 0.0076820 0.0274515 0.0076549 0.0076549 0.0076549 0.0076549 0.0155281 0.0076549 0.0076820 0.0076526 0.0241098 0.0200217 0.0282263 0.0085340 0.0116479 0.0116479 0.0125236 0.0128450 0.0154672 0.0115616 0.0038148 0.0116062 0.0079566 0.0076842 0.0116479 0.0194758 0.0155841 0.0077413 0.0127902 0.0155841 0.0119292 0.0116932 0.0076549 0.0076820 0.0115205 0.0116030 0.0041977 0.0076549 0.0076820 0.0076549 0.0116062 0.0077413 0.0235356 0.0038147 0.0076820 0.0076820 0.0077116 0.0155281 0.0116479 0.0155281 0.0155841 0.0155887 0.0155841 0.0160211 0.0155281 0.0116062 0.0155281 0.0076526 0.0115205 0.0076549 0.0116062 0.0114764 0.0115205 0.0038148 0.0116062 0.0076820 0.0081853 0.0115205 0.0155228 0.0155228 0.0234502 0.0077116 0.0155281 0.0076549 0.0076549 0.0116062 0.0076526 0.0315957 0.0115648 0.0154726 0.0076526 0.0154130 0.0076549 0.0038293 0.0077116 0.0076256 0.0115616 0.0076549 0.0078038 0.0076549 0.0119733 0.0155281 0.0155281 0.0124758 0.0079569 0.0116479 0.0038293 0.0076549 0.0038441 0.0076526 0.0076820 0.0076526 0.0039041 0.0116062 0.0076820 0.0077116 0.0116932 0.0076842 0.0077116 0.0077415 0.0116062 0.0155281 0.0235422 0.0116062 0.0116062 0.0077116 0.0116062 0.0116062 0.0356671 0.0038148 0.0038002 0.0076549 0.0038148 0.0119292 0.0038888 0.0195464 0.0076256 0.0076549 0.0076549 0.0076820 0.0076820 0.0038293 0.0038148 0.0076842 0.0038148 0.0077116 0.0116062 0.0077116 0.0116062 0.0274515 0.0155281 0.0079253 0.0076549 0.0196175 
1269772    0.0038282 0.0076819 0.0038147 0.0038293 0.0077392 0.0000010 0.0077116 0.0000000 0.0077392 0.0077116 0.0078943 0.0116479 0.0038429 0.0077392 0.0000010 0.0077392 0.0077392 0.0077116 0.0076819 0.0038147 0.0000010 0.0193308 0.0077116 0.0156396 0.0115202 0.0000010 0.0116899 0.0077392 0.0116062 0.0077116 0.0038147 0.0213012 0.0038282 0.0038147 0.0038147 0.0193308 0.0000010 0.0154130 0.0000010 0.0116028 0.0038282 0.0000010 0.0038282 0.0115202 0.0000010 0.0168405 0.0038147 0.0076547 0.0000010 0.0038282 0.0039193 0.0116445 0.0076819 0.0000010 0.0116899 0.0077392 0.0116899 0.0116062 0.0077392 0.0193308 0.0077116 0.0077116 0.0077116 0.0077116 0.0076547 0.0077116 0.0077392 0.0077392 0.0158402 0.0118395 0.0198684 0.0000010 0.0038282 0.0038282 0.0041116 0.0042155 0.0155841 0.0116479 0.0038429 0.0038147 0.0000010 0.0077116 0.0038282 0.0115202 0.0076819 0.0000010 0.0041978 0.0076819 0.0039193 0.0038428 0.0077116 0.0077392 0.0116062 0.0116899 0.0000010 0.0077116 0.0077392 0.0077116 0.0038147 0.0000010 0.0154681 0.0038577 0.0077392 0.0077392 0.0000010 0.0076547 0.0038282 0.0076547 0.0076819 0.0076842 0.0076819 0.0078941 0.0076547 0.0038147 0.0076547 0.0077392 0.0116062 0.0077116 0.0038147 0.0116062 0.0116062 0.0038429 0.0038147 0.0077392 0.0000010 0.0116062 0.0156396 0.0076819 0.0154130 0.0000010 0.0076547 0.0077116 0.0077116 0.0116932 0.0077392 0.0233589 0.0116062 0.0155887 0.0077392 0.0155281 0.0077116 0.0038577 0.0000010 0.0077116 0.0038293 0.0077116 0.0078627 0.0077116 0.0039336 0.0076547 0.0076547 0.0082872 0.0000010 0.0038282 0.0038429 0.0077116 0.0038727 0.0077392 0.0077392 0.0077392 0.0039336 0.0038147 0.0077392 0.0000010 0.0038428 0.0077116 0.0000010 0.0000010 0.0038147 0.0076547 0.0154726 0.0038147 0.0038147 0.0000010 0.0038147 0.0038147 0.0273443 0.0038429 0.0038429 0.0077116 0.0038429 0.0039193 0.0039180 0.0115614 0.0077116 0.0077116 0.0077116 0.0077392 0.0000010 0.0038429 0.0038429 0.0077116 0.0038429 0.0000010 0.0038147 0.0000010 0.0038147 0.0193308 0.0076547 0.0000010 0.0077116 0.0155236 
5736971    0.0116447 0.0156396 0.0116479 0.0116934 0.0077094 0.0077392 0.0076820 0.0077392 0.0000000 0.0076820 0.0078633 0.0038148 0.0038282 0.0077094 0.0077392 0.0077094 0.0077094 0.0076820 0.0156396 0.0116479 0.0079546 0.0275520 0.0076820 0.0155789 0.0195464 0.0077392 0.0116447 0.0077094 0.0115616 0.0076820 0.0116479 0.0304169 0.0116899 0.0116479 0.0116479 0.0275520 0.0077691 0.0235356 0.0079232 0.0196891 0.0116899 0.0077392 0.0116899 0.0195464 0.0082159 0.0257585 0.0116479 0.0155841 0.0090328 0.0116899 0.0119733 0.0197612 0.0156396 0.0077392 0.0116447 0.0077094 0.0116447 0.0155228 0.0077094 0.0275520 0.0076820 0.0076820 0.0076820 0.0076820 0.0155841 0.0076820 0.0077094 0.0077094 0.0242001 0.0200963 0.0283326 0.0085678 0.0116899 0.0116899 0.0125721 0.0128962 0.0155228 0.0116030 0.0038282 0.0116479 0.0079860 0.0077116 0.0116899 0.0195464 0.0156396 0.0077691 0.0128409 0.0156396 0.0119733 0.0117355 0.0076820 0.0077094 0.0115616 0.0038282 0.0084590 0.0076820 0.0077094 0.0076820 0.0116479 0.0077691 0.0236216 0.0038429 0.0077094 0.0077094 0.0077392 0.0155841 0.0116899 0.0155841 0.0156396 0.0156442 0.0156396 0.0160807 0.0155841 0.0116479 0.0155841 0.0077094 0.0115616 0.0076820 0.0116479 0.0115616 0.0115616 0.0038282 0.0116479 0.0077094 0.0082163 0.0115616 0.0155789 0.0155789 0.0235356 0.0077392 0.0155841 0.0076820 0.0076820 0.0116479 0.0077094 0.0317123 0.0116062 0.0155281 0.0077094 0.0154672 0.0038282 0.0038429 0.0077392 0.0076820 0.0116030 0.0076820 0.0078321 0.0076820 0.0120177 0.0155841 0.0155841 0.0125239 0.0079863 0.0116899 0.0038429 0.0076820 0.0038578 0.0077094 0.0077094 0.0077094 0.0039182 0.0116479 0.0077094 0.0077392 0.0117355 0.0077116 0.0077392 0.0077693 0.0116479 0.0155841 0.0236283 0.0116479 0.0116479 0.0077392 0.0116479 0.0116479 0.0357994 0.0038282 0.0038282 0.0076820 0.0038282 0.0119733 0.0039028 0.0196175 0.0076820 0.0076820 0.0076820 0.0077094 0.0077094 0.0038429 0.0038282 0.0077116 0.0038282 0.0077392 0.0116479 0.0077392 0.0116479 0.0275520 0.0155841 0.0079544 0.0076820 0.0237083 
5736972    0.0116030 0.0155841 0.0116062 0.0116514 0.0076820 0.0077116 0.0076549 0.0077116 0.0076820 0.0000000 0.0078348 0.0115616 0.0038148 0.0076820 0.0077116 0.0076820 0.0076820 0.0076549 0.0155841 0.0116062 0.0079255 0.0274515 0.0076549 0.0155228 0.0194758 0.0077116 0.0116030 0.0076820 0.0115205 0.0076549 0.0116062 0.0302944 0.0116479 0.0116062 0.0116062 0.0274515 0.0077413 0.0234502 0.0078943 0.0196175 0.0116479 0.0077116 0.0116479 0.0194758 0.0081848 0.0256561 0.0116062 0.0155281 0.0089954 0.0116479 0.0119292 0.0196891 0.0155841 0.0077116 0.0116030 0.0076820 0.0116030 0.0154672 0.0076820 0.0274515 0.0076549 0.0076549 0.0076549 0.0076549 0.0155281 0.0076549 0.0076820 0.0076820 0.0241098 0.0200217 0.0282263 0.0085340 0.0116479 0.0116479 0.0125236 0.0128450 0.0154672 0.0115616 0.0038148 0.0116062 0.0079566 0.0076842 0.0116479 0.0194758 0.0155841 0.0077413 0.0127902 0.0155841 0.0119292 0.0116932 0.0076549 0.0076820 0.0115205 0.0116030 0.0084261 0.0076549 0.0076820 0.0076549 0.0116062 0.0077413 0.0235356 0.0038293 0.0076820 0.0076820 0.0077116 0.0155281 0.0116479 0.0155281 0.0155841 0.0155887 0.0155841 0.0160211 0.0155281 0.0116062 0.0155281 0.0076820 0.0115205 0.0076549 0.0116062 0.0115205 0.0115205 0.0038148 0.0116062 0.0076820 0.0081853 0.0115205 0.0155228 0.0155228 0.0234502 0.0077116 0.0155281 0.0076549 0.0076549 0.0116062 0.0076820 0.0315957 0.0115648 0.0154726 0.0076820 0.0154130 0.0076549 0.0038293 0.0077116 0.0076549 0.0115616 0.0076549 0.0078038 0.0076549 0.0119733 0.0155281 0.0155281 0.0124758 0.0079569 0.0116479 0.0038293 0.0076549 0.0038441 0.0076820 0.0076820 0.0076820 0.0039041 0.0116062 0.0076820 0.0077116 0.0116932 0.0076842 0.0077116 0.0077415 0.0116062 0.0155281 0.0235422 0.0116062 0.0116062 0.0077116 0.0116062 0.0116062 0.0356671 0.0038148 0.0038148 0.0076549 0.0038148 0.0119292 0.0038888 0.0195464 0.0076549 0.0076549 0.0076549 0.0076820 0.0076820 0.0038293 0.0038148 0.0076842 0.0038148 0.0077116 0.0116062 0.0077116 0.0116062 0.0274515 0.0155281 0.0039490 0.0076549 0.0236216 
5736973    0.0118787 0.0159562 0.0118821 0.0118821 0.0078633 0.0078943 0.0078348 0.0078943 0.0078633 0.0078348 0.0000000 0.0078633 0.0039041 0.0078633 0.0078943 0.0078633 0.0078633 0.0000010 0.0159562 0.0118821 0.0079255 0.0281130 0.0078348 0.0158930 0.0199419 0.0078943 0.0118787 0.0078633 0.0039041 0.0078348 0.0118821 0.0311020 0.0119258 0.0118821 0.0118821 0.0281130 0.0079255 0.0240133 0.0078943 0.0200904 0.0119258 0.0078943 0.0119258 0.0199419 0.0083909 0.0256561 0.0118821 0.0158985 0.0089954 0.0119258 0.0119292 0.0201655 0.0159562 0.0078943 0.0118787 0.0078633 0.0118787 0.0078633 0.0078633 0.0281130 0.0078348 0.0078348 0.0078348 0.0078348 0.0158985 0.0078348 0.0078633 0.0078633 0.0241098 0.0200217 0.0282263 0.0087583 0.0119258 0.0119258 0.0128454 0.0131838 0.0158347 0.0118354 0.0039041 0.0118821 0.0081513 0.0078656 0.0119258 0.0199419 0.0159562 0.0079255 0.0131260 0.0159562 0.0119292 0.0119733 0.0078348 0.0078633 0.0117923 0.0118787 0.0084261 0.0078348 0.0078633 0.0078348 0.0118821 0.0079255 0.0241029 0.0039194 0.0078633 0.0078633 0.0078943 0.0158985 0.0119258 0.0158985 0.0159562 0.0158985 0.0159562 0.0160211 0.0118821 0.0118821 0.0158985 0.0078633 0.0117923 0.0078348 0.0118821 0.0117923 0.0117923 0.0039041 0.0118821 0.0078633 0.0083914 0.0117923 0.0158930 0.0158930 0.0240133 0.0078943 0.0158985 0.0078348 0.0078348 0.0118821 0.0078633 0.0323626 0.0118387 0.0158402 0.0078633 0.0157768 0.0078348 0.0039194 0.0078943 0.0078348 0.0118354 0.0078348 0.0079910 0.0078348 0.0119733 0.0158985 0.0158985 0.0127950 0.0079569 0.0119258 0.0039194 0.0078348 0.0039349 0.0078633 0.0078633 0.0078633 0.0039194 0.0118821 0.0078633 0.0078943 0.0119733 0.0078656 0.0078943 0.0079256 0.0118821 0.0158985 0.0241098 0.0118821 0.0118821 0.0078943 0.0118821 0.0078943 0.0365358 0.0039041 0.0039041 0.0078348 0.0039041 0.0119292 0.0039817 0.0200159 0.0078348 0.0078348 0.0078348 0.0078633 0.0078633 0.0039194 0.0039041 0.0078656 0.0039041 0.0078943 0.0118821 0.0078943 0.0118821 0.0281130 0.0158985 0.0081184 0.0078348 0.0241931 
5736974    0.0155789 0.0196175 0.0155841 0.0156442 0.0116030 0.0116479 0.0115616 0.0116479 0.0038148 0.0115616 0.0078633 0.0000000 0.0076820 0.0116030 0.0116479 0.0116030 0.0116030 0.0115616 0.0196175 0.0155841 0.0079546 0.0315957 0.0115616 0.0195408 0.0235356 0.0116479 0.0155789 0.0116030 0.0154672 0.0115616 0.0155841 0.0348937 0.0156396 0.0155841 0.0155841 0.0315957 0.0116932 0.0275520 0.0079232 0.0237083 0.0156396 0.0116479 0.0156396 0.0235356 0.0123690 0.0257585 0.0155841 0.0195464 0.0090328 0.0156396 0.0119733 0.0237955 0.0196175 0.0116479 0.0155789 0.0116030 0.0155789 0.0194703 0.0116030 0.0315957 0.0115616 0.0115616 0.0115616 0.0115616 0.0195464 0.0115616 0.0116030 0.0116030 0.0242001 0.0200963 0.0283326 0.0129009 0.0156396 0.0156396 0.0168243 0.0172594 0.0194703 0.0155228 0.0076820 0.0155841 0.0120220 0.0116062 0.0156396 0.0235356 0.0196175 0.0116932 0.0171862 0.0196175 0.0119733 0.0157019 0.0115616 0.0116030 0.0154672 0.0076820 0.0084590 0.0115616 0.0116030 0.0115616 0.0155841 0.0116932 0.0276532 0.0077116 0.0116030 0.0116030 0.0116479 0.0195464 0.0156396 0.0195464 0.0196175 0.0196231 0.0196175 0.0160807 0.0116479 0.0155841 0.0195464 0.0116030 0.0154672 0.0115616 0.0155841 0.0154672 0.0154672 0.0076820 0.0155841 0.0116030 0.0123688 0.0154672 0.0195408 0.0195408 0.0275520 0.0116479 0.0195464 0.0115616 0.0115616 0.0155841 0.0116030 0.0357994 0.0155281 0.0194758 0.0116030 0.0194003 0.0076820 0.0077116 0.0116479 0.0115616 0.0155228 0.0115616 0.0117894 0.0115616 0.0120177 0.0195464 0.0195464 0.0167595 0.0079863 0.0156396 0.0077116 0.0115616 0.0077416 0.0116030 0.0116030 0.0116030 0.0039182 0.0155841 0.0116030 0.0116479 0.0157019 0.0116062 0.0116479 0.0116934 0.0155841 0.0195464 0.0276608 0.0155841 0.0155841 0.0116479 0.0155841 0.0155841 0.0399146 0.0076820 0.0076820 0.0115616 0.0076820 0.0119733 0.0078321 0.0236216 0.0115616 0.0115616 0.0115616 0.0116030 0.0116030 0.0077116 0.0076820 0.0116062 0.0076820 0.0116479 0.0155841 0.0116479 0.0155841 0.0315957 0.0195464 0.0119740 0.0115616 0.0277551 
5736975    0.0077094 0.0116479 0.0077116 0.0077415 0.0038282 0.0038429 0.0038148 0.0038429 0.0038282 0.0038148 0.0039041 0.0076820 0.0000000 0.0038282 0.0038429 0.0038282 0.0038282 0.0038148 0.0116479 0.0077116 0.0039491 0.0234502 0.0038148 0.0116030 0.0155281 0.0038429 0.0077094 0.0038282 0.0076549 0.0038148 0.0077116 0.0258695 0.0077392 0.0077116 0.0077116 0.0234502 0.0038577 0.0194758 0.0039336 0.0156396 0.0077392 0.0038429 0.0077392 0.0155281 0.0040779 0.0213012 0.0077116 0.0116062 0.0044801 0.0077392 0.0079255 0.0156965 0.0116479 0.0038429 0.0077094 0.0038282 0.0077094 0.0115616 0.0038282 0.0234502 0.0038148 0.0038148 0.0038148 0.0038148 0.0116062 0.0038148 0.0038282 0.0038282 0.0200217 0.0159619 0.0241098 0.0042512 0.0077392 0.0077392 0.0083188 0.0085316 0.0115616 0.0076820 0.0000010 0.0077116 0.0039646 0.0038293 0.0077392 0.0155281 0.0116479 0.0038577 0.0084953 0.0116479 0.0079255 0.0077691 0.0038148 0.0038282 0.0076549 0.0077094 0.0041977 0.0038148 0.0038282 0.0038148 0.0077116 0.0038577 0.0195464 0.0000010 0.0038282 0.0038282 0.0038429 0.0116062 0.0077392 0.0116062 0.0116479 0.0116514 0.0116479 0.0119733 0.0116062 0.0077116 0.0116062 0.0038282 0.0076549 0.0038148 0.0077116 0.0076549 0.0076549 0.0000010 0.0077116 0.0038282 0.0040781 0.0076549 0.0116030 0.0116030 0.0194758 0.0038429 0.0116062 0.0038148 0.0038148 0.0077116 0.0038282 0.0275520 0.0076842 0.0115648 0.0038282 0.0115205 0.0038148 0.0000010 0.0038429 0.0038148 0.0076820 0.0038148 0.0038888 0.0038148 0.0079546 0.0116062 0.0116062 0.0082872 0.0039647 0.0077392 0.0000010 0.0038148 0.0000010 0.0038282 0.0038282 0.0038282 0.0000010 0.0077116 0.0038282 0.0038429 0.0077691 0.0038293 0.0038429 0.0038578 0.0077116 0.0116062 0.0195520 0.0077116 0.0077116 0.0038429 0.0077116 0.0077116 0.0315957 0.0000010 0.0000010 0.0038148 0.0000010 0.0079255 0.0000010 0.0155841 0.0038148 0.0038148 0.0038148 0.0038282 0.0038282 0.0000010 0.0000010 0.0038293 0.0000010 0.0038429 0.0077116 0.0038429 0.0077116 0.0234502 0.0116062 0.0039490 0.0038148 0.0196175 
5736976    0.0116447 0.0156396 0.0116479 0.0116934 0.0077094 0.0077392 0.0076820 0.0077392 0.0077094 0.0076820 0.0078633 0.0116030 0.0038282 0.0000000 0.0077392 0.0077094 0.0077094 0.0076820 0.0156396 0.0116479 0.0079546 0.0275520 0.0076820 0.0155789 0.0195464 0.0077392 0.0116447 0.0077094 0.0115616 0.0076820 0.0116479 0.0304169 0.0116899 0.0116479 0.0116479 0.0275520 0.0077691 0.0235356 0.0079232 0.0196891 0.0116899 0.0077392 0.0116899 0.0195464 0.0082159 0.0257585 0.0116479 0.0155841 0.0090328 0.0116899 0.0119733 0.0197612 0.0156396 0.0077392 0.0116447 0.0077094 0.0116447 0.0155228 0.0077094 0.0275520 0.0076820 0.0076820 0.0076820 0.0076820 0.0155841 0.0076820 0.0077094 0.0077094 0.0242001 0.0200963 0.0283326 0.0085678 0.0116899 0.0116899 0.0125721 0.0128962 0.0155228 0.0116030 0.0038282 0.0116479 0.0079860 0.0077116 0.0116899 0.0195464 0.0156396 0.0077691 0.0128409 0.0156396 0.0119733 0.0117355 0.0076820 0.0077094 0.0115616 0.0116447 0.0084590 0.0076820 0.0077094 0.0076820 0.0116479 0.0077691 0.0236216 0.0038429 0.0077094 0.0077094 0.0077392 0.0155841 0.0116899 0.0155841 0.0156396 0.0156442 0.0156396 0.0160807 0.0155841 0.0116479 0.0155841 0.0077094 0.0115616 0.0076820 0.0116479 0.0115616 0.0115616 0.0038282 0.0116479 0.0077094 0.0082163 0.0115616 0.0155789 0.0155789 0.0235356 0.0077392 0.0155841 0.0076820 0.0076820 0.0116479 0.0077094 0.0317123 0.0116062 0.0155281 0.0077094 0.0154672 0.0076820 0.0038429 0.0077392 0.0076820 0.0116030 0.0076820 0.0078321 0.0076820 0.0120177 0.0155841 0.0155841 0.0125239 0.0079863 0.0116899 0.0038429 0.0076820 0.0038578 0.0077094 0.0077094 0.0077094 0.0039182 0.0116479 0.0077094 0.0077392 0.0117355 0.0077116 0.0077392 0.0077693 0.0116479 0.0155841 0.0236283 0.0116479 0.0116479 0.0077392 0.0116479 0.0116479 0.0357994 0.0038282 0.0038282 0.0076820 0.0038282 0.0119733 0.0039028 0.0196175 0.0076820 0.0076820 0.0076820 0.0077094 0.0077094 0.0038429 0.0038282 0.0077116 0.0038282 0.0077392 0.0116479 0.0077392 0.0116479 0.0275520 0.0155841 0.0079544 0.0076820 0.0237083 
32         0.0038282 0.0076819 0.0038147 0.0038293 0.0077392 0.0000010 0.0077116 0.0000010 0.0077392 0.0077116 0.0078943 0.0116479 0.0038429 0.0077392 0.0000000 0.0077392 0.0077392 0.0077116 0.0076819 0.0038147 0.0000010 0.0193308 0.0077116 0.0156396 0.0115202 0.0000010 0.0116899 0.0077392 0.0116062 0.0077116 0.0038147 0.0213012 0.0038282 0.0038147 0.0038147 0.0193308 0.0000010 0.0154130 0.0000010 0.0116028 0.0038282 0.0000010 0.0038282 0.0115202 0.0000010 0.0168405 0.0038147 0.0076547 0.0000010 0.0038282 0.0039193 0.0116445 0.0076819 0.0000010 0.0116899 0.0077392 0.0116899 0.0116062 0.0077392 0.0193308 0.0077116 0.0077116 0.0077116 0.0077116 0.0076547 0.0077116 0.0077392 0.0077392 0.0158402 0.0118395 0.0198684 0.0000010 0.0038282 0.0038282 0.0041116 0.0042155 0.0155841 0.0116479 0.0038429 0.0038147 0.0000010 0.0077116 0.0038282 0.0115202 0.0076819 0.0000010 0.0041978 0.0076819 0.0039193 0.0038428 0.0077116 0.0077392 0.0116062 0.0116899 0.0000010 0.0077116 0.0077392 0.0077116 0.0038147 0.0000010 0.0154681 0.0038577 0.0077392 0.0077392 0.0000010 0.0076547 0.0038282 0.0076547 0.0076819 0.0076842 0.0076819 0.0078941 0.0076547 0.0038147 0.0076547 0.0077392 0.0116062 0.0077116 0.0038147 0.0116062 0.0116062 0.0038429 0.0038147 0.0077392 0.0000010 0.0116062 0.0156396 0.0076819 0.0154130 0.0000010 0.0076547 0.0077116 0.0077116 0.0116932 0.0077392 0.0233589 0.0116062 0.0155887 0.0077392 0.0155281 0.0077116 0.0038577 0.0000010 0.0077116 0.0038293 0.0077116 0.0078627 0.0077116 0.0039336 0.0076547 0.0076547 0.0082872 0.0000010 0.0038282 0.0038429 0.0077116 0.0038727 0.0077392 0.0077392 0.0077392 0.0039336 0.0038147 0.0077392 0.0000010 0.0038428 0.0077116 0.0000010 0.0000010 0.0038147 0.0076547 0.0154726 0.0038147 0.0038147 0.0000010 0.0038147 0.0038147 0.0273443 0.0038429 0.0038429 0.0077116 0.0038429 0.0039193 0.0039180 0.0115614 0.0077116 0.0077116 0.0077116 0.0077392 0.0000010 0.0038429 0.0038429 0.0077116 0.0038429 0.0000010 0.0038147 0.0000010 0.0038147 0.0193308 0.0076547 0.0000010 0.0077116 0.0155236 
5736996    0.0116447 0.0156396 0.0116479 0.0116934 0.0077094 0.0077392 0.0076820 0.0077392 0.0077094 0.0076820 0.0078633 0.0116030 0.0038282 0.0077094 0.0077392 0.0000000 0.0077094 0.0076820 0.0156396 0.0116479 0.0079546 0.0275520 0.0076820 0.0155789 0.0195464 0.0077392 0.0116447 0.0077094 0.0115616 0.0076820 0.0116479 0.0304169 0.0116899 0.0116479 0.0116479 0.0275520 0.0077691 0.0235356 0.0079232 0.0196891 0.0116899 0.0077392 0.0116899 0.0195464 0.0082159 0.0257585 0.0116479 0.0155841 0.0090328 0.0116899 0.0119733 0.0197612 0.0156396 0.0077392 0.0116447 0.0077094 0.0116447 0.0155228 0.0077094 0.0275520 0.0076820 0.0076820 0.0076820 0.0076820 0.0155841 0.0076820 0.0077094 0.0077094 0.0242001 0.0200963 0.0283326 0.0085678 0.0116899 0.0116899 0.0125721 0.0128962 0.0155228 0.0116030 0.0038282 0.0116479 0.0079860 0.0077116 0.0116899 0.0195464 0.0156396 0.0077691 0.0128409 0.0156396 0.0119733 0.0117355 0.0076820 0.0077094 0.0115616 0.0116447 0.0084590 0.0076820 0.0077094 0.0076820 0.0116479 0.0077691 0.0236216 0.0038429 0.0077094 0.0077094 0.0077392 0.0155841 0.0116899 0.0155841 0.0156396 0.0156442 0.0156396 0.0160807 0.0155841 0.0116479 0.0155841 0.0077094 0.0115616 0.0076820 0.0116479 0.0115616 0.0115616 0.0038282 0.0116479 0.0077094 0.0082163 0.0115616 0.0155789 0.0155789 0.0235356 0.0077392 0.0155841 0.0076820 0.0076820 0.0116479 0.0077094 0.0317123 0.0116062 0.0155281 0.0077094 0.0154672 0.0076820 0.0038429 0.0077392 0.0076820 0.0116030 0.0076820 0.0078321 0.0076820 0.0120177 0.0155841 0.0155841 0.0125239 0.0079863 0.0116899 0.0038429 0.0076820 0.0038578 0.0077094 0.0077094 0.0077094 0.0039182 0.0116479 0.0077094 0.0077392 0.0117355 0.0077116 0.0077392 0.0077693 0.0116479 0.0155841 0.0236283 0.0116479 0.0116479 0.0077392 0.0116479 0.0116479 0.0357994 0.0038282 0.0038282 0.0076820 0.0038282 0.0119733 0.0039028 0.0196175 0.0076820 0.0076820 0.0076820 0.0077094 0.0077094 0.0038429 0.0038282 0.0077116 0.0038282 0.0077392 0.0116479 0.0077392 0.0116479 0.0275520 0.0155841 0.0079544 0.0076820 0.0237083 
5736997    0.0116447 0.0156396 0.0116479 0.0116934 0.0077094 0.0077392 0.0076820 0.0077392 0.0077094 0.0076820 0.0078633 0.0116030 0.0038282 0.0077094 0.0077392 0.0077094 0.0000000 0.0076820 0.0156396 0.0116479 0.0079546 0.0275520 0.0076820 0.0155789 0.0195464 0.0077392 0.0116447 0.0077094 0.0115616 0.0076820 0.0116479 0.0304169 0.0116899 0.0116479 0.0116479 0.0275520 0.0077691 0.0235356 0.0079232 0.0196891 0.0116899 0.0077392 0.0116899 0.0195464 0.0082159 0.0257585 0.0116479 0.0155841 0.0090328 0.0116899 0.0119733 0.0197612 0.0156396 0.0077392 0.0116447 0.0077094 0.0116447 0.0155228 0.0077094 0.0275520 0.0076820 0.0076820 0.0076820 0.0076820 0.0155841 0.0076820 0.0077094 0.0077094 0.0242001 0.0200963 0.0283326 0.0085678 0.0116899 0.0116899 0.0125721 0.0128962 0.0155228 0.0116030 0.0038282 0.0116479 0.0079860 0.0077116 0.0116899 0.0195464 0.0156396 0.0077691 0.0128409 0.0156396 0.0119733 0.0117355 0.0076820 0.0077094 0.0115616 0.0116447 0.0084590 0.0076820 0.0077094 0.0076820 0.0116479 0.0077691 0.0236216 0.0038429 0.0077094 0.0077094 0.0077392 0.0155841 0.0116899 0.0155841 0.0156396 0.0156442 0.0156396 0.0160807 0.0155841 0.0116479 0.0155841 0.0077094 0.0115616 0.0076820 0.0116479 0.0115616 0.0115616 0.0038282 0.0116479 0.0077094 0.0082163 0.0115616 0.0155789 0.0155789 0.0235356 0.0077392 0.0155841 0.0076820 0.0076820 0.0077392 0.0077094 0.0317123 0.0116062 0.0155281 0.0077094 0.0154672 0.0076820 0.0038429 0.0077392 0.0076820 0.0116030 0.0076820 0.0078321 0.0076820 0.0120177 0.0155841 0.0155841 0.0125239 0.0079863 0.0116899 0.0038429 0.0076820 0.0038578 0.0077094 0.0077094 0.0077094 0.0039182 0.0116479 0.0077094 0.0077392 0.0117355 0.0077116 0.0077392 0.0077693 0.0116479 0.0155841 0.0236283 0.0116479 0.0116479 0.0077392 0.0116479 0.0116479 0.0357994 0.0038282 0.0038282 0.0076820 0.0038282 0.0119733 0.0039028 0.0196175 0.0076820 0.0076820 0.0076820 0.0077094 0.0077094 0.0038429 0.0038282 0.0077116 0.0038282 0.0077392 0.0116479 0.0077392 0.0116479 0.0275520 0.0155841 0.0079544 0.0038282 0.0237083 
5736998    0.0116030 0.0155841 0.0116062 0.0116514 0.0076820 0.0077116 0.0076549 0.0077116 0.0076820 0.0076549 0.0000010 0.0115616 0.0038148 0.0076820 0.0077116 0.0076820 0.0076820 0.0000000 0.0155841 0.0116062 0.0079255 0.0274515 0.0076549 0.0155228 0.0194758 0.0077116 0.0116030 0.0076820 0.0038148 0.0076549 0.0116062 0.0302944 0.0116479 0.0116062 0.0116062 0.0274515 0.0077413 0.0234502 0.0078943 0.0196175 0.0116479 0.0077116 0.0116479 0.0194758 0.0081848 0.0256561 0.0116062 0.0155281 0.0089954 0.0116479 0.0119292 0.0196891 0.0155841 0.0077116 0.0116030 0.0076820 0.0116030 0.0076820 0.0076820 0.0274515 0.0076549 0.0076549 0.0076549 0.0076549 0.0155281 0.0076549 0.0076820 0.0076820 0.0241098 0.0200217 0.0282263 0.0085340 0.0116479 0.0116479 0.0125236 0.0128450 0.0154672 0.0115616 0.0038148 0.0116062 0.0079566 0.0076842 0.0116479 0.0194758 0.0155841 0.0077413 0.0127902 0.0155841 0.0119292 0.0116932 0.0076549 0.0076820 0.0115205 0.0116030 0.0084261 0.0076549 0.0076820 0.0076549 0.0116062 0.0077413 0.0235356 0.0038293 0.0076820 0.0076820 0.0077116 0.0155281 0.0116479 0.0155281 0.0155841 0.0155887 0.0155841 0.0160211 0.0155281 0.0116062 0.0155281 0.0076820 0.0115205 0.0076549 0.0116062 0.0115205 0.0115205 0.0038148 0.0116062 0.0076820 0.0081853 0.0115205 0.0155228 0.0155228 0.0234502 0.0077116 0.0155281 0.0076549 0.0076549 0.0116062 0.0076820 0.0315957 0.0115648 0.0154726 0.0076820 0.0154130 0.0076549 0.0038293 0.0077116 0.0076549 0.0115616 0.0076549 0.0078038 0.0076549 0.0119733 0.0155281 0.0155281 0.0124758 0.0079569 0.0116479 0.0038293 0.0076549 0.0038441 0.0076820 0.0076820 0.0076820 0.0039041 0.0116062 0.0076820 0.0077116 0.0116932 0.0076842 0.0077116 0.0077415 0.0116062 0.0155281 0.0235422 0.0116062 0.0116062 0.0077116 0.0116062 0.0116062 0.0356671 0.0038148 0.0038148 0.0076549 0.0038148 0.0119292 0.0038888 0.0195464 0.0076549 0.0076549 0.0076549 0.0076820 0.0076820 0.0038293 0.0038148 0.0076842 0.0038148 0.0077116 0.0116062 0.0077116 0.0116062 0.0274515 0.0155281 0.0079253 0.0076549 0.0236216 
4103207    0.0116028 0.0155236 0.0115614 0.0116062 0.0156396 0.0076819 0.0155841 0.0076819 0.0156396 0.0155841 0.0159562 0.0196175 0.0116479 0.0156396 0.0076819 0.0156396 0.0156396 0.0155841 0.0000000 0.0115614 0.0078941 0.0273443 0.0155841 0.0237083 0.0194003 0.0076819 0.0196891 0.0156396 0.0195464 0.0155841 0.0115614 0.0256561 0.0116028 0.0115614 0.0115614 0.0273443 0.0077114 0.0233589 0.0078941 0.0195408 0.0116028 0.0076819 0.0116028 0.0194003 0.0040461 0.0255469 0.0115614 0.0154681 0.0089551 0.0116028 0.0118818 0.0196118 0.0155236 0.0076819 0.0196891 0.0156396 0.0155841 0.0195464 0.0116062 0.0273443 0.0155841 0.0155841 0.0155841 0.0155841 0.0154681 0.0155841 0.0156396 0.0156396 0.0240133 0.0199419 0.0281130 0.0084976 0.0116028 0.0116028 0.0124715 0.0084620 0.0236216 0.0196175 0.0116479 0.0115614 0.0079250 0.0155841 0.0116028 0.0194003 0.0155236 0.0077114 0.0084263 0.0155236 0.0118818 0.0116477 0.0155841 0.0156396 0.0195464 0.0196891 0.0083906 0.0155841 0.0156396 0.0155841 0.0115614 0.0077114 0.0234436 0.0116932 0.0156396 0.0156396 0.0076819 0.0154681 0.0116028 0.0154681 0.0155236 0.0155281 0.0155236 0.0159571 0.0154681 0.0115614 0.0154681 0.0156396 0.0195464 0.0155841 0.0115614 0.0195464 0.0195464 0.0116479 0.0115614 0.0156396 0.0081519 0.0195464 0.0237083 0.0155236 0.0233589 0.0076819 0.0154681 0.0155841 0.0155841 0.0196947 0.0156396 0.0314714 0.0195464 0.0236283 0.0077116 0.0235356 0.0155841 0.0116932 0.0076819 0.0155841 0.0116062 0.0155841 0.0158937 0.0155841 0.0119256 0.0154681 0.0154681 0.0167595 0.0079253 0.0116028 0.0116479 0.0155841 0.0117393 0.0156396 0.0156396 0.0156396 0.0119256 0.0115614 0.0156396 0.0076819 0.0116477 0.0155841 0.0076819 0.0077116 0.0115614 0.0154681 0.0234502 0.0115614 0.0115614 0.0076819 0.0115614 0.0115614 0.0355263 0.0116479 0.0116479 0.0155841 0.0116479 0.0118818 0.0118792 0.0194703 0.0155841 0.0155841 0.0155841 0.0156396 0.0076819 0.0116479 0.0116479 0.0155841 0.0116479 0.0076819 0.0115614 0.0076819 0.0115614 0.0273443 0.0154681 0.0078939 0.0155841 0.0235290 
