R297	238927	0	0.995928338762215	0.9959283387622152	0.995928338762215	0.9889271719010714	0.995928338762215	0.9959283387622152	0.995928338762215	0.9917255544175867	0.9959283387622152	0.995928338762215	0.9959283387622152	0.9959283387622149	0.995928338762215	0.9959283387622152	0.9959283387622149	0.995928338762215	0.9959283387622149	0.9959283387622152	0.9959283387622149	0.9959283387622149	0.995928338762215	0.9959283387622149	0.9959283387622149	0.9959283387622149	0.9546973856698936	0.9959283387622152	0.9959283387622152	0.9876494208517672	0.995928338762215	0.5308498253783468	0.42385993485342016	0.4547945205479451	0.9959283387622152	0.45655526992287915	0.4238599348534202	0.4238599348534202	0.42385993485342005
R303	238933	0.995928338762215	0	0.08083924714594262	0.11292810860845418	0.06487366324913041	0.11292810860845416	0.0343848043283702	0.06501691959297075	0.04741359293080263	0.0961980705856405	0.11292810860845416	0.11518652027001604	0.04659055846960822	0.0751817240392891	0.04128521373676972	0.11971613699475474	0.11551188018473459	0.03208886146251162	0.05815632437608909	0.043980639240386865	0.06505576818292229	0.07243370007751299	0.07057786061150649	0.058218476880408924	0.07974937154102642	0.11314308650177597	0.09262027782844462	0.11368468729273713	0.11292810860845418	0.11292810860845423	1.0	1.0	1.0	0.1594202898550724	1.0	1.0	1.0	1.0
R308	238938	0.9959283387622152	0.08083924714594262	0	0.11045489887673518	0.11333190440467258	0.10271896310168277	0.11210524638881735	0.10223984567570467	0.10834109799542646	0.10727656452407502	0.10943619363487488	0.11820812345943632	0.11820812345943635	0.11820812345943628	0.11820812345943632	0.11820812345943629	0.11400386664941616	0.1112540205387131	0.1100753433764488	0.10872495608153208	0.110229400055181	0.14896891688078814	0.10866977931597963	0.11094891666056948	0.11053777026642879	0.11163507296645751	0.1712707182320442	0.11217667375741867	0.10899636972809298	0.10242054015233192	1.0	1.0	1.0	0.1594202898550724	1.0	1.0	1.0	1.0
R317	238947	0.995928338762215	0.11292810860845418	0.11045489887673518	0	0.06884480746791136	0.008286906711037744	0.09677419354838702	0.06498998312983174	0.08510638297872342	0.019908372375473844	0.0010187052418603375	0.007753224582701097	0.10313901345291472	0.044534412955465584	0.11011523687580024	0.007753224582701088	0.0035489677726809345	0.1091794158553546	0.05946669242974701	0.08684137001189356	0.05474677541729892	0.15230775102705502	0.044135367557703316	0.054709631728045244	0.03317873706742777	0.041230953092321436	0.17127071823204423	0.0017217748806834753	0.009737447059089958	0.10728712758164224	1.0	1.0	1.0	0.15942028985507242	1.0	1.0	1.0	1.0
R318	238948	0.9889271719010714	0.06487366324913041	0.11333190440467258	0.06884480746791136	0	0.06444770583912579	0.04803459687338173	0.01785300958476029	0.026197212712932218	0.05211476944509766	0.06884480746791134	0.0643151907431727	0.04829653970729043	0.029171528588098045	0.05527276313017596	0.06884480746791138	0.06884480746791137	0.061291045030453566	0.0189012138260942	0.03975212084897033	0.02097246704237946	0.10521850186413179	0.026494559470963654	0.014659726101659158	0.03566607040048357	0.061843640606767884	0.11642824448641989	0.06884480746791143	0.06184364060676785	0.11034482758620684	0.9929988331388562	0.9929988331388566	0.9929988331388566	0.1639492753623188	0.9929988331388564	0.9929988331388564	0.9929988331388564	0.9929988331388566
R319	238949	0.995928338762215	0.11292810860845416	0.10271896310168277	0.008286906711037744	0.06444770583912579	0	0.09677419354838701	0.05695259162274811	0.08070928134993785	0.016730038022813663	0.0072682014691774054	0.016040131293738838	0.10313901345291472	0.044534412955465556	0.11011523687580023	0.01604013129373883	0.011835874483718678	0.10917941585535461	0.05908713692946049	0.08511142721669036	0.05452127659574462	0.14841794594480284	0.04235024799694767	0.05470963172804522	0.03317873706742774	0.04123095309232141	0.17127071823204418	0.010008681591721217	0.008278917910447709	0.09912454180481672	1.0	1.0	1.0	0.1594202898550724	1.0	1.0	1.0	1.0
R320	238950	0.9959283387622152	0.0343848043283702	0.11210524638881735	0.09677419354838702	0.04803459687338173	0.09677419354838701	0	0.04886300453290359	0.029529644034333957	0.08004415552557331	0.09677419354838702	0.09834745389426738	0.018687861881844226	0.058342657663540444	0.02105587475873715	0.10287707061900604	0.09867281380898589	0.01785391654833983	0.042002409316021935	0.023042567185181696	0.048901853122855124	0.05742445828991863	0.054423945551439326	0.04206456182034176	0.06359545648095924	0.09677419354838705	0.07507453987582313	0.09684562091698842	0.09677419354838705	0.10893747509372434	1.0	1.0	1.0	0.15942028985507253	1.0	1.0	1.0	1.0
R321	238951	0.995928338762215	0.06501691959297075	0.10223984567570467	0.06498998312983174	0.01785300958476029	0.05695259162274811	0.04886300453290359	0	0.02537486299397284	0.0450816107543579	0.06397127788797141	0.06821359098779417	0.055227824437431294	0.04002337131171481	0.05580199920474704	0.07274320771253283	0.06853895090251266	0.055357239357256435	0.013513903384839918	0.032932812881150055	0.020076562801076524	0.09432916141168426	0.020854615572128407	0.017714589442026495	0.03189411745209753	0.06617015721955406	0.11783466733810774	0.0667117580105152	0.06353145398118955	0.09895131312520779	1.0	1.0	1.0	0.15942028985507248	1.0	1.0	1.0	1.0
R323	238953	0.9917255544175867	0.04741359293080263	0.10834109799542646	0.08510638297872342	0.026197212712932218	0.08070928134993785	0.029529644034333957	0.02537486299397284	0	0.06837634495590973	0.08510638297872343	0.08556757266323091	0.04088527034810779	0.05146709290046358	0.03594329066309886	0.09009718938796955	0.0858929325779494	0.036543290249679096	0.0260192460492629	0.02308261976048465	0.037463882322038386	0.08047074708335734	0.04275613498177573	0.032370759544629	0.05192764591129565	0.08090359863409513	0.09797595879645957	0.08510638297872349	0.08090359863409513	0.10535402117696073	0.9957972156553715	0.9957972156553715	0.9957972156553718	0.15942028985507242	0.9957972156553716	0.9957972156553718	0.9957972156553716	0.9957972156553715
R324	238954	0.9959283387622152	0.0961980705856405	0.10727656452407502	0.019908372375473844	0.05211476944509766	0.016730038022813663	0.08004415552557331	0.0450816107543579	0.06837634495590973	0	0.018889667133613505	0.023131980233436263	0.08640897543010104	0.0334127399516633	0.09338519885298657	0.027661596958174925	0.023457340148154773	0.09244937783254091	0.04235709890664684	0.06838138919387671	0.037791238572930964	0.13239937865158116	0.025620209974134	0.03797959370523156	0.016448699044614084	0.041230953092321436	0.15454068020923054	0.021630147256157313	0.018449843226831648	0.10410879322898209	1.0	1.0	1.0	0.1594202898550724	1.0	1.0	1.0	1.0
R326	238956	0.995928338762215	0.11292810860845416	0.10943619363487488	0.0010187052418603375	0.06884480746791134	0.0072682014691774054	0.09677419354838702	0.06397127788797141	0.08510638297872343	0.018889667133613505	0	0.008771929824561433	0.10313901345291474	0.044534412955465584	0.11011523687580023	0.008771929824561426	0.004567673014541272	0.10917941585535461	0.05908713692946052	0.08582266477003322	0.054521276595744655	0.15128904578519473	0.04311666231584299	0.05470963172804524	0.033178737067427785	0.04123095309232144	0.17127071823204418	0.0027404801225438128	0.008718741817229621	0.10626842233978188	1.0	1.0	1.0	0.1594202898550724	1.0	1.0	1.0	1.0
R327	238957	0.9959283387622152	0.11518652027001604	0.11820812345943632	0.007753224582701097	0.0643151907431727	0.016040131293738838	0.09834745389426738	0.06821359098779417	0.08556757266323091	0.023131980233436263	0.008771929824561433	0	0.09860939672817608	0.04000479623072694	0.10558562015106158	0.0045296167247386694	0.004529616724738662	0.11160390205133917	0.0626903002877094	0.09006497786985598	0.05797038327526133	0.15553135888501748	0.04735897541566575	0.05743922180217345	0.03631947353569661	0.04780400358530026	0.16674110150730556	0.00603144970201762	0.017490671641791057	0.11504035216434332	1.0	1.0	1.0	0.16394927536231882	1.0	1.0	1.0	1.0
R333	238963	0.9959283387622149	0.04659055846960822	0.11820812345943635	0.10313901345291472	0.04829653970729043	0.10313901345291472	0.018687861881844226	0.055227824437431294	0.04088527034810779	0.08640897543010104	0.10313901345291474	0.09860939672817608	0	0.05860460049744913	0.028151788841487634	0.10313901345291472	0.10313901345291472	0.03627983559627536	0.05251660681391063	0.029785863276540557	0.05526667302738283	0.07585037733785416	0.06078876545596703	0.04842938172486947	0.06996027638548694	0.10313901345291475	0.07844436736615223	0.10313901345291479	0.10313901345291474	0.11504035216434338	1.0	1.0	1.0	0.16394927536231887	1.0	1.0	1.0	1.0
R334	238964	0.995928338762215	0.0751817240392891	0.11820812345943628	0.044534412955465584	0.029171528588098045	0.044534412955465556	0.058342657663540444	0.04002337131171481	0.05146709290046358	0.0334127399516633	0.044534412955465584	0.04000479623072694	0.05860460049744913	0	0.06558082392033465	0.04453441295546562	0.04453441295546561	0.07159910582061225	0.032199170124481265	0.052303315461210226	0.02659574468085105	0.11552656265429052	0.021874602568993987	0.022308781869688307	0.018312507853788795	0.04780400358530024	0.12673630527657861	0.04453441295546566	0.04453441295546561	0.11504035216434332	1.0	1.0	1.0	0.16394927536231876	1.0	1.0	1.0	1.0
R337	238967	0.9959283387622152	0.04128521373676972	0.11820812345943632	0.11011523687580024	0.05527276313017596	0.11011523687580023	0.02105587475873715	0.05580199920474704	0.03594329066309886	0.09338519885298657	0.11011523687580023	0.10558562015106158	0.028151788841487634	0.06558082392033465	0	0.1101152368758003	0.11011523687580027	0.021172171478739638	0.051028099946339715	0.03443537209289617	0.06224289645026837	0.05866267449486275	0.06776498887885254	0.05540560514775497	0.07693649980837249	0.1101152368758003	0.06290985491047742	0.11011523687580034	0.11011523687580027	0.11504035216434334	1.0	1.0	1.0	0.1639492753623188	1.0	1.0	1.0	1.0
R338	238968	0.9959283387622149	0.11971613699475474	0.11820812345943629	0.007753224582701088	0.06884480746791138	0.01604013129373883	0.10287707061900604	0.07274320771253283	0.09009718938796955	0.027661596958174925	0.008771929824561426	0.0045296167247386694	0.10313901345291472	0.04453441295546562	0.1101152368758003	0	0.004204256810020153	0.11613351877607783	0.06721991701244809	0.09459459459459466	0.0625	0.16006097560975616	0.05188859214040441	0.06196883852691211	0.040849090260435296	0.04780400358530026	0.17127071823204423	0.006031449702017613	0.01749067164179105	0.11504035216434333	1.0	1.0	1.0	0.16394927536231882	1.0	1.0	1.0	1.0
R339	238969	0.995928338762215	0.11551188018473459	0.11400386664941616	0.0035489677726809345	0.06884480746791137	0.011835874483718678	0.09867281380898589	0.06853895090251266	0.0858929325779494	0.023457340148154773	0.004567673014541272	0.004529616724738662	0.10313901345291472	0.04453441295546561	0.11011523687580027	0.004204256810020153	0	0.1119292619660577	0.06301566020242795	0.0903903377845745	0.05829574318997985	0.155856718799736	0.047684335330384256	0.057764581716891965	0.036644833450415144	0.0435997467752801	0.1712707182320442	0.0018271928919974595	0.013286414831770895	0.11083609535432319	1.0	1.0	1.0	0.15974501855229867	1.0	1.0	1.0	1.0
R343	238973	0.9959283387622149	0.03208886146251162	0.1112540205387131	0.1091794158553546	0.061291045030453566	0.10917941585535461	0.01785391654833983	0.055357239357256435	0.036543290249679096	0.09244937783254091	0.10917941585535461	0.11160390205133917	0.03627983559627536	0.07159910582061225	0.021172171478739638	0.11613351877607783	0.1119292619660577	0	0.05009227892589409	0.03118036417209239	0.06130707542982273	0.04875610604158897	0.0668291678584069	0.054469784127309365	0.07600067878792684	0.1095604682830991	0.0701653616517724	0.11010206907406023	0.10917941585535464	0.10917941585535468	1.0	1.0	1.0	0.15942028985507245	1.0	1.0	1.0	1.0
R346	238976	0.9959283387622152	0.05815632437608909	0.1100753433764488	0.05946669242974701	0.0189012138260942	0.05908713692946049	0.042002409316021935	0.013513903384839918	0.0260192460492629	0.04235709890664684	0.05908713692946052	0.0626903002877094	0.05251660681391063	0.032199170124481265	0.051028099946339715	0.06721991701244809	0.06301566020242795	0.05009227892589409	0	0.03157198255254608	0.01504811512315702	0.09284105859730801	0.01673688893251283	0.010674508951136098	0.026370826752012806	0.060646866519469336	0.11218358130258366	0.06118846731043048	0.059087136929460556	0.10690757208135583	1.0	1.0	1.0	0.15942028985507248	1.0	1.0	1.0	1.0
R348	238978	0.9959283387622149	0.043980639240386865	0.10872495608153208	0.08684137001189356	0.03975212084897033	0.08511142721669036	0.023042567185181696	0.032932812881150055	0.02308261976048465	0.06838138919387671	0.08582266477003322	0.09006497786985598	0.029785863276540557	0.052303315461210226	0.03443537209289617	0.09459459459459466	0.0903903377845745	0.03118036417209239	0.03157198255254608	0	0.0387435307648074	0.07257875654858965	0.042761179219742686	0.032625756067682504	0.05374550433415935	0.08802154410161588	0.09327166654878198	0.08856314489257704	0.08538284086325136	0.10555718478643909	1.0	1.0	1.0	0.15942028985507237	1.0	1.0	1.0	1.0
R350	238980	0.9959283387622149	0.06505576818292229	0.110229400055181	0.05474677541729892	0.02097246704237946	0.05452127659574462	0.048901853122855124	0.020076562801076524	0.037463882322038386	0.037791238572930964	0.054521276595744655	0.05797038327526133	0.05526667302738283	0.02659574468085105	0.06224289645026837	0.0625	0.05829574318997985	0.06130707542982273	0.01504811512315702	0.0387435307648074	0	0.09756097560975611	0.012539201917951312	0.007368452775601281	0.021650909739564714	0.05592694950702124	0.1233983778065123	0.05646855029798239	0.054521276595744676	0.10706162876008803	1.0	1.0	1.0	0.15942028985507237	1.0	1.0	1.0	1.0
R351	238981	0.995928338762215	0.07243370007751299	0.14896891688078814	0.15230775102705502	0.10521850186413179	0.14841794594480284	0.05742445828991863	0.09432916141168426	0.08047074708335734	0.13239937865158116	0.15128904578519473	0.15553135888501748	0.07585037733785416	0.11552656265429052	0.05866267449486275	0.16006097560975616	0.155856718799736	0.04875610604158897	0.09284105859730801	0.07257875654858965	0.09756097560975611	0	0.1081723834693517	0.09809213708284399	0.11921188534932083	0.15348792511677736	0.063476957283385	0.15402952590773852	0.15084922187841282	0.14854226687901517	1.0	1.0	1.0	0.15942028985507242	1.0	1.0	1.0	1.0
R355	238984	0.9959283387622149	0.07057786061150649	0.10866977931597963	0.044135367557703316	0.026494559470963654	0.04235024799694767	0.054423945551439326	0.020854615572128407	0.04275613498177573	0.025620209974134	0.04311666231584299	0.04735897541566575	0.06078876545596703	0.021874602568993987	0.06776498887885254	0.05188859214040441	0.047684335330384256	0.0668291678584069	0.01673688893251283	0.042761179219742686	0.012539201917951312	0.1081723834693517	0	0.012359383731097557	0.01103950187996912	0.045315541647425635	0.12892047023509653	0.04585714243838679	0.04267683840906112	0.10550200802088665	1.0	1.0	1.0	0.15942028985507245	1.0	1.0	1.0	1.0
R356	238985	0.9959283387622149	0.058218476880408924	0.11094891666056948	0.054709631728045244	0.014659726101659158	0.05470963172804522	0.04206456182034176	0.017714589442026495	0.032370759544629	0.03797959370523156	0.05470963172804524	0.05743922180217345	0.04842938172486947	0.022308781869688307	0.05540560514775497	0.06196883852691211	0.057764581716891965	0.054469784127309365	0.010674508951136098	0.032625756067682504	0.007368452775601281	0.09809213708284399	0.012359383731097557	0	0.021530894660617476	0.055395788033933344	0.11656108650399892	0.055937388824894504	0.05470963172804526	0.1077811453654765	1.0	1.0	1.0	0.15942028985507248	1.0	1.0	1.0	1.0
R357	238986	0.9959283387622149	0.07974937154102642	0.11053777026642879	0.03317873706742777	0.03566607040048357	0.03317873706742774	0.06359545648095924	0.03189411745209753	0.05192764591129565	0.016448699044614084	0.033178737067427785	0.03631947353569661	0.06996027638548694	0.018312507853788795	0.07693649980837249	0.040849090260435296	0.036644833450415144	0.07600067878792684	0.026370826752012806	0.05374550433415935	0.021650909739564714	0.11921188534932083	0.01103950187996912	0.021530894660617476	0	0.04123095309232142	0.1380919811646164	0.03481764055841768	0.03317873706742779	0.10736999897133583	1.0	1.0	1.0	0.1594202898550724	1.0	1.0	1.0	1.0
R359	238988	0.9546973856698936	0.11314308650177597	0.11163507296645751	0.041230953092321436	0.061843640606767884	0.04123095309232141	0.09677419354838705	0.06617015721955406	0.08090359863409513	0.041230953092321436	0.04123095309232144	0.04780400358530026	0.10313901345291475	0.04780400358530024	0.1101152368758003	0.04780400358530026	0.0435997467752801	0.1095604682830991	0.060646866519469336	0.08802154410161588	0.05592694950702124	0.15348792511677736	0.045315541647425635	0.055395788033933344	0.04123095309232142	0	0.17127071823204423	0.04177255388328263	0.0329520351818737	0.10846730167136456	0.9587690469076784	0.9587690469076784	0.9587690469076786	0.15942028985507245	0.9587690469076784	0.9587690469076784	0.9587690469076786	0.9587690469076788
R362	238991	0.9959283387622152	0.09262027782844462	0.1712707182320442	0.17127071823204423	0.11642824448641989	0.17127071823204418	0.07507453987582313	0.11783466733810774	0.09797595879645957	0.15454068020923054	0.17127071823204418	0.16674110150730556	0.07844436736615223	0.12673630527657861	0.06290985491047742	0.17127071823204423	0.1712707182320442	0.0701653616517724	0.11218358130258366	0.09327166654878198	0.1233983778065123	0.063476957283385	0.12892047023509653	0.11656108650399892	0.1380919811646164	0.17127071823204423	0	0.17127071823204426	0.17127071823204418	0.17127071823204415	1.0	1.0	1.0	0.17127071823204426	1.0	1.0	1.0	1.0
R365	238994	0.9959283387622152	0.11368468729273713	0.11217667375741867	0.0017217748806834753	0.06884480746791143	0.010008681591721217	0.09684562091698842	0.0667117580105152	0.08510638297872349	0.021630147256157313	0.0027404801225438128	0.00603144970201762	0.10313901345291479	0.04453441295546566	0.11011523687580034	0.006031449702017613	0.0018271928919974595	0.11010206907406023	0.06118846731043048	0.08856314489257704	0.05646855029798239	0.15402952590773852	0.04585714243838679	0.055937388824894504	0.03481764055841768	0.04177255388328263	0.17127071823204426	0	0.011459221939773435	0.10900890246232572	1.0	1.0	1.0	0.15942028985507248	1.0	1.0	1.0	1.0
R368	238997	0.9876494208517672	0.11292810860845418	0.10899636972809298	0.009737447059089958	0.06184364060676785	0.008278917910447709	0.09677419354838705	0.06353145398118955	0.08090359863409513	0.018449843226831648	0.008718741817229621	0.017490671641791057	0.10313901345291474	0.04453441295546561	0.11011523687580027	0.01749067164179105	0.013286414831770895	0.10917941585535464	0.059087136929460556	0.08538284086325136	0.054521276595744676	0.15084922187841282	0.04267683840906112	0.05470963172804526	0.03317873706742779	0.0329520351818737	0.17127071823204418	0.011459221939773435	0	0.10582859843300003	0.9917210820895521	0.9917210820895521	0.9917210820895523	0.15942028985507242	0.9917210820895521	0.9917210820895521	0.9917210820895523	0.9917210820895526
R414	239014	0.995928338762215	0.11292810860845423	0.10242054015233192	0.10728712758164224	0.11034482758620684	0.09912454180481672	0.10893747509372434	0.09895131312520779	0.10535402117696073	0.10410879322898209	0.10626842233978188	0.11504035216434332	0.11504035216434338	0.11504035216434332	0.11504035216434334	0.11504035216434333	0.11083609535432319	0.10917941585535468	0.10690757208135583	0.10555718478643909	0.10706162876008803	0.14854226687901517	0.10550200802088665	0.1077811453654765	0.10736999897133583	0.10846730167136456	0.17127071823204415	0.10900890246232572	0.10582859843300003	0	1.0	1.0	1.0	0.1471679054089976	1.0	1.0	1.0	1.0
BDA_015	239098	0.5308498253783468	1.0	1.0	1.0	0.9929988331388562	1.0	1.0	1.0	0.9957972156553715	1.0	1.0	1.0	1.0	1.0	1.0	1.0	1.0	1.0	1.0	1.0	1.0	1.0	1.0	1.0	1.0	0.9587690469076784	1.0	1.0	0.9917210820895521	1.0	0	0.4378284484563152	0.43832108058111535	1.0	0.23007861715212585	0.5308498253783469	0.52450637272769	0.4292915233901686
BDA_021	239102	0.42385993485342016	1.0	1.0	1.0	0.9929988331388566	1.0	1.0	1.0	0.9957972156553715	1.0	1.0	1.0	1.0	1.0	1.0	1.0	1.0	1.0	1.0	1.0	1.0	1.0	1.0	1.0	1.0	0.9587690469076784	1.0	1.0	0.9917210820895521	1.0	0.4378284484563152	0	0.1638131454993302	1.0	0.32655599977293553	0.40694006309148273	0.4069400630914828	0.18432646197814348
BDA_106	239174	0.4547945205479451	1.0	1.0	1.0	0.9929988331388566	1.0	1.0	1.0	0.9957972156553718	1.0	1.0	1.0	1.0	1.0	1.0	1.0	1.0	1.0	1.0	1.0	1.0	1.0	1.0	1.0	1.0	0.9587690469076786	1.0	1.0	0.9917210820895523	1.0	0.43832108058111535	0.1638131454993302	0	1.0	0.3073564108884742	0.4547945205479453	0.44346692652891495	0.16683253222232852
BDA_181	239236	0.9959283387622152	0.1594202898550724	0.1594202898550724	0.15942028985507242	0.1639492753623188	0.1594202898550724	0.15942028985507253	0.15942028985507248	0.15942028985507242	0.1594202898550724	0.1594202898550724	0.16394927536231882	0.16394927536231887	0.16394927536231876	0.1639492753623188	0.16394927536231882	0.15974501855229867	0.15942028985507245	0.15942028985507248	0.15942028985507237	0.15942028985507237	0.15942028985507242	0.15942028985507245	0.15942028985507248	0.1594202898550724	0.15942028985507245	0.17127071823204426	0.15942028985507248	0.15942028985507242	0.1471679054089976	1.0	1.0	1.0	0	1.0	1.0	1.0	1.0
BDA_196	239247	0.45655526992287915	1.0	1.0	1.0	0.9929988331388564	1.0	1.0	1.0	0.9957972156553716	1.0	1.0	1.0	1.0	1.0	1.0	1.0	1.0	1.0	1.0	1.0	1.0	1.0	1.0	1.0	1.0	0.9587690469076784	1.0	1.0	0.9917210820895521	1.0	0.23007861715212585	0.32655599977293553	0.3073564108884742	1.0	0	0.4565552699228792	0.44730077120822637	0.2713717781716163
BDA_200	239251	0.4238599348534202	1.0	1.0	1.0	0.9929988331388564	1.0	1.0	1.0	0.9957972156553718	1.0	1.0	1.0	1.0	1.0	1.0	1.0	1.0	1.0	1.0	1.0	1.0	1.0	1.0	1.0	1.0	0.9587690469076784	1.0	1.0	0.9917210820895521	1.0	0.5308498253783469	0.40694006309148273	0.4547945205479453	1.0	0.4565552699228792	0	0.13955595831445397	0.3793659322944653
BDA_201	239252	0.4238599348534202	1.0	1.0	1.0	0.9929988331388564	1.0	1.0	1.0	0.9957972156553716	1.0	1.0	1.0	1.0	1.0	1.0	1.0	1.0	1.0	1.0	1.0	1.0	1.0	1.0	1.0	1.0	0.9587690469076786	1.0	1.0	0.9917210820895523	1.0	0.52450637272769	0.4069400630914828	0.44346692652891495	1.0	0.44730077120822637	0.13955595831445397	0	0.368038338275435
BDA_206	239256	0.42385993485342005	1.0	1.0	1.0	0.9929988331388566	1.0	1.0	1.0	0.9957972156553715	1.0	1.0	1.0	1.0	1.0	1.0	1.0	1.0	1.0	1.0	1.0	1.0	1.0	1.0	1.0	1.0	0.9587690469076788	1.0	1.0	0.9917210820895526	1.0	0.4292915233901686	0.18432646197814348	0.16683253222232852	1.0	0.2713717781716163	0.3793659322944653	0.368038338275435	0
