R297	238927	0	0.9702840552097359	0.9702840552097357	0.9702840552097357	0.9158505092607832	0.9702840552097359	0.9702840552097359	0.9702840552097359	0.9333727723776306	0.9702840552097359	0.9702840552097362	0.9702840552097362	0.9702840552097357	0.9702840552097357	0.9702840552097359	0.9702840552097359	0.9702840552097357	0.9702840552097359	0.9702840552097357	0.9702840552097357	0.9702840552097359	0.9702840552097357	0.9702840552097357	0.9702840552097359	0.9702840552097357	0.8091215584867514	0.9702840552097359	0.9702840552097357	0.8930561578362953	0.9702840552097359	0.7313865627647984	0.6970217438387613	0.7411202675656771	0.9702840552097357	0.6899023720156048	0.6465176262794837	0.6465176262794836	0.6894275159143598
R303	238933	0.9702840552097359	0	0.3044507658564227	0.4375185662761734	0.23157256815723795	0.4375185662761734	0.13335261476843188	0.20841977957795374	0.15661650820732467	0.26715050435609056	0.43751856627617336	0.4197319855932139	0.2268769803929511	0.2973529182427671	0.17847390755363382	0.4829246734100565	0.4375185662761734	0.13306780041975064	0.15855774705299275	0.18161605203729933	0.19108777439396182	0.1713025227189847	0.19540483565683905	0.18251102136087258	0.21135607676207138	0.43751856627617336	0.2379321399580204	0.4375185662761734	0.4375185662761735	0.4375185662761734	1.0	1.0	1.0	0.5507414889685014	1.0	1.0	1.0	1.0
R308	238938	0.9702840552097357	0.3044507658564227	0	0.36410970162708794	0.38571827505524886	0.3215914895168845	0.3801182286748163	0.3215914895168845	0.374148287074556	0.3641097016270881	0.36410970162708783	0.4282364871654524	0.4282364871654525	0.4282364871654525	0.4282364871654525	0.4282364871654524	0.3672239244179068	0.42393854248273055	0.3709757764788856	0.3705587447859457	0.36933271998083766	0.45652121877957025	0.364109701627088	0.36980003383533466	0.36471564927741723	0.3641097016270879	0.5321773891953903	0.36410970162708794	0.36410970162708794	0.3222674170565025	1.0	1.0	1.0	0.5507414889685013	1.0	1.0	1.0	1.0
R317	238947	0.9702840552097357	0.4375185662761734	0.36410970162708794	0	0.3722417240938121	0.06817407434625307	0.3684788621667647	0.3366889293085472	0.4166664991847597	0.17036806192008278	0.004766901550166449	0.08121654320639299	0.36864491699324453	0.2337187231305965	0.4249884534300788	0.081216543206393	0.020203980458847384	0.4239385424827307	0.3295044054856821	0.3705587447859458	0.3025946117106565	0.4428868423565231	0.249447124911022	0.2772885618418336	0.22616248951410203	0.16116249672298427	0.5321773891953904	0.008948383494846349	0.077474013243054	0.36003742015494805	1.0	1.0	1.0	0.5507414889685014	1.0	1.0	1.0	1.0
R318	238948	0.9158505092607832	0.23157256815723795	0.38571827505524886	0.3722417240938121	0	0.3178081781448592	0.15322248846149442	0.11590289107762441	0.12956316268757131	0.2018736621737293	0.37224172409381207	0.3090490362769696	0.10886709189790575	0.18899110205247588	0.16161382123417248	0.37224172409381207	0.3722417240938121	0.20749790574840976	0.13987171562739947	0.1681415514944108	0.123418649064899	0.2572733721220285	0.12279459918279004	0.10886709189790576	0.1460792345797101	0.3178081781448592	0.268802756999484	0.3722417240938121	0.3178081781448593	0.38373042595330703	0.9455664540510472	0.9455664540510472	0.9455664540510472	0.5815405536435656	0.9455664540510472	0.9455664540510472	0.9455664540510472	0.9455664540510472
R319	238949	0.9702840552097359	0.4375185662761734	0.3215914895168845	0.06817407434625307	0.3178081781448592	0	0.3684788621667647	0.28476534431568784	0.3714595948396544	0.17036806192008272	0.06340717279608662	0.14939061755264602	0.3686449169932445	0.2337187231305965	0.4249884534300787	0.14939061755264613	0.08837805480510044	0.42393854248273083	0.3295044054856821	0.3705587447859457	0.30259461171065644	0.4428868423565231	0.249447124911022	0.27728856184183354	0.22616248951410192	0.16116249672298427	0.5321773891953903	0.07712245784109942	0.07722789737344042	0.3181951355843627	1.0	1.0	1.0	0.5507414889685012	1.0	1.0	1.0	1.0
R320	238950	0.9702840552097359	0.13335261476843188	0.3801182286748163	0.3684788621667647	0.15322248846149442	0.3684788621667647	0	0.13342656565513047	0.12440537407122149	0.19811080024668185	0.3684788621667646	0.35340443284055817	0.09623651698127217	0.20217940442809823	0.07184139584671244	0.4165971206574008	0.3684788621667647	0.08502065206676378	0.08068495398865323	0.10012944274901797	0.11965578713785165	0.12679124450833815	0.11903173725574266	0.09119030032493113	0.14231637265266267	0.3684788621667647	0.19636461609380018	0.3684788621667647	0.36847886216676473	0.3774544520332564	1.0	1.0	1.0	0.5507414889685013	1.0	1.0	1.0	1.0
R321	238951	0.9702840552097359	0.20841977957795374	0.3215914895168845	0.3366889293085472	0.11590289107762441	0.28476534431568784	0.13342656565513047	0	0.09551785449454021	0.16632086738846436	0.33668892930854716	0.3396860847652755	0.16782647607048376	0.24425592373371424	0.14116431409456798	0.40287877258211796	0.34186620983457233	0.14561524019944969	0.06985524137424072	0.09630517661631795	0.11321006978409846	0.17608620873033534	0.10163663279691304	0.10939002274036595	0.12195715384318295	0.33853066428589756	0.2589275364634915	0.3366889293085472	0.33668892930854727	0.31819513558436263	1.0	1.0	1.0	0.5507414889685012	1.0	1.0	1.0	1.0
R323	238953	0.9333727723776306	0.15661650820732467	0.374148287074556	0.4166664991847597	0.12956316268757131	0.3714595948396544	0.12440537407122149	0.09551785449454021	0	0.24629843726467676	0.4166664991847595	0.39369694930331545	0.21168134986478154	0.2883333855608022	0.12234132511260873	0.45688963712015795	0.4166664991847596	0.0961010880013682	0.09021685457044043	0.1322569402713894	0.1806149275854079	0.14587655437498698	0.17662643399899128	0.17145821192938307	0.1905040096706576	0.3797552163526544	0.21057398949948464	0.4166664991847597	0.3797552163526546	0.37482421461417426	0.9630887171678949	0.9630887171678947	0.9630887171678949	0.5507414889685013	0.9630887171678947	0.9630887171678949	0.9630887171678949	0.9630887171678949
R324	238954	0.9702840552097359	0.26715050435609056	0.3641097016270881	0.17036806192008278	0.2018736621737293	0.17036806192008272	0.19811080024668185	0.16632086738846436	0.24629843726467676	0	0.17036806192008264	0.1915037121480299	0.1982768550731617	0.1365011438591815	0.25462039150999594	0.24990164426255615	0.18888908151501052	0.2535704805626479	0.15913634356559933	0.20019068286586295	0.13222654979057366	0.27251878043644023	0.07907906299093921	0.10692049992175076	0.05579442759401918	0.18555353596633578	0.36180932727530746	0.17763348455100947	0.17036806192008283	0.3600374201549481	1.0	1.0	1.0	0.5507414889685013	1.0	1.0	1.0	1.0
R326	238956	0.9702840552097362	0.43751856627617336	0.36410970162708783	0.004766901550166449	0.37224172409381207	0.06340717279608662	0.3684788621667646	0.33668892930854716	0.4166664991847595	0.17036806192008264	0	0.08598344475655942	0.3686449169932444	0.23371872313059644	0.4249884534300786	0.08598344475655949	0.02497088200901384	0.4239385424827307	0.3295044054856821	0.3705587447859457	0.30259461171065644	0.442886842356523	0.24944712491102192	0.27728856184183354	0.22616248951410192	0.1611624967229842	0.5321773891953904	0.013715285045012798	0.07722789737344037	0.360037420154948	1.0	1.0	1.0	0.5507414889685011	1.0	1.0	1.0	1.0
R327	238957	0.9702840552097362	0.4197319855932139	0.4282364871654524	0.08121654320639299	0.3090490362769696	0.14939061755264602	0.35340443284055817	0.3396860847652755	0.39369694930331545	0.1915037121480299	0.08598344475655942	0	0.30545222917640197	0.170526035313754	0.3617957656132362	0.06319268781684254	0.06319268781684256	0.40767985012747354	0.32357242835540645	0.36580386245690966	0.29830569107842864	0.4574553165010922	0.2546733945429858	0.2725323273551088	0.22649063958529458	0.2255106050192046	0.4689847013785478	0.07226815971154664	0.158690556449447	0.4255727105238925	1.0	1.0	1.0	0.5815405536435655	1.0	1.0	1.0	1.0
R333	238963	0.9702840552097357	0.2268769803929511	0.4282364871654525	0.36864491699324453	0.10886709189790575	0.3686449169932445	0.09623651698127217	0.16782647607048376	0.21168134986478154	0.1982768550731617	0.3686449169932444	0.30545222917640197	0	0.14775445680844898	0.11348691038185549	0.36864491699324453	0.3686449169932446	0.1800729060189852	0.13987171562739945	0.14824770123965408	0.1198218419643315	0.22255064455986345	0.1191977920822225	0.09135635515141098	0.14248242747914253	0.3686449169932445	0.23110584036183562	0.36864491699324453	0.36864491699324453	0.4255727105238924	1.0	1.0	1.0	0.5815405536435655	1.0	1.0	1.0	1.0
R334	238964	0.9702840552097357	0.2973529182427671	0.4282364871654525	0.2337187231305965	0.18899110205247588	0.2337187231305965	0.20217940442809823	0.24425592373371424	0.2883333855608022	0.1365011438591815	0.23371872313059644	0.170526035313754	0.14775445680844898	0	0.19820233308380777	0.2337187231305965	0.23371872313059652	0.2627087322867921	0.21918074243214627	0.23293212679408806	0.18481739063135919	0.3133280893756726	0.14622828959030995	0.14257623563419214	0.12401511534061617	0.23371872313059652	0.3265997309124972	0.2337187231305965	0.23371872313059658	0.4255727105238924	1.0	1.0	1.0	0.5815405536435655	1.0	1.0	1.0	1.0
R337	238967	0.9702840552097359	0.17847390755363382	0.4282364871654525	0.4249884534300788	0.16161382123417248	0.4249884534300787	0.07184139584671244	0.14116431409456798	0.12234132511260873	0.25462039150999594	0.4249884534300786	0.3617957656132362	0.11348691038185549	0.19820233308380777	0	0.4249884534300786	0.42498845343007874	0.0914762799749954	0.09548404794439666	0.11140122619520823	0.17616537840116575	0.14485107854796905	0.17554132851905674	0.1476998915882452	0.19882596391597676	0.42498845343007874	0.15471072792130652	0.42498845343007874	0.4249884534300788	0.4255727105238925	1.0	1.0	1.0	0.5815405536435655	1.0	1.0	1.0	1.0
R338	238968	0.9702840552097359	0.4829246734100565	0.4282364871654524	0.081216543206393	0.37224172409381207	0.14939061755264613	0.4165971206574008	0.40287877258211796	0.45688963712015795	0.24990164426255615	0.08598344475655949	0.06319268781684254	0.36864491699324453	0.2337187231305965	0.4249884534300786	0	0.06101256274754564	0.470872537944316	0.38676511617224896	0.42899655027375216	0.36149837889527114	0.5206480043179348	0.31786608235982833	0.33572501517195136	0.2896833274021372	0.22551060501920464	0.5321773891953903	0.07226815971154665	0.15869055644944702	0.4255727105238924	1.0	1.0	1.0	0.5815405536435655	1.0	1.0	1.0	1.0
R339	238969	0.9702840552097357	0.4375185662761734	0.3672239244179068	0.020203980458847384	0.3722417240938121	0.08837805480510044	0.3684788621667647	0.34186620983457233	0.4166664991847596	0.18888908151501052	0.02497088200901384	0.06319268781684256	0.3686449169932446	0.23371872313059652	0.42498845343007874	0.06101256274754564	0	0.42393854248273066	0.3295044054856822	0.37055874478594586	0.3025946117106565	0.4596354415703892	0.2568535196122827	0.2772885618418336	0.2286707646545915	0.164498042271659	0.5321773891953905	0.011255596964001038	0.09767799370190137	0.36456014777634677	1.0	1.0	1.0	0.5507414889685013	1.0	1.0	1.0	1.0
R343	238973	0.9702840552097359	0.13306780041975064	0.42393854248273055	0.4239385424827307	0.20749790574840976	0.42393854248273083	0.08502065206676378	0.14561524019944969	0.0961010880013682	0.2535704805626479	0.4239385424827307	0.40767985012747354	0.1800729060189852	0.2627087322867921	0.0914762799749954	0.470872537944316	0.42393854248273066	0	0.09443413699704858	0.10603702107726612	0.17511546745381773	0.09608196065946387	0.1744914175717087	0.14815393667716467	0.19777605296862877	0.4239385424827307	0.17379265449537676	0.4239385424827307	0.42393854248273083	0.42393854248273083	1.0	1.0	1.0	0.5507414889685014	1.0	1.0	1.0	1.0
R346	238976	0.9702840552097357	0.15855774705299275	0.3709757764788856	0.3295044054856821	0.13987171562739947	0.3295044054856821	0.08068495398865323	0.06985524137424072	0.09021685457044043	0.15913634356559933	0.3295044054856821	0.32357242835540645	0.13987171562739945	0.21918074243214627	0.09548404794439666	0.38676511617224896	0.3295044054856822	0.09443413699704858	0	0.08564116738434231	0.09305506412369363	0.13388288814568597	0.08790927409179396	0.08261100494083275	0.10334191597158017	0.32950440548568216	0.20888887621001165	0.3295044054856821	0.3295044054856822	0.3683119998373257	1.0	1.0	1.0	0.5507414889685013	1.0	1.0	1.0	1.0
R348	238978	0.9702840552097357	0.18161605203729933	0.3705587447859457	0.3705587447859458	0.1681415514944108	0.3705587447859457	0.10012944274901797	0.09630517661631795	0.1322569402713894	0.20019068286586295	0.3705587447859457	0.36580386245690966	0.14824770123965408	0.23293212679408806	0.11140122619520823	0.42899655027375216	0.37055874478594586	0.10603702107726612	0.08564116738434231	0	0.12260698276678048	0.1427462273307977	0.12111161987492373	0.10203388635230656	0.14439625527184374	0.37055874478594575	0.22094956766888826	0.3705587447859458	0.37055874478594586	0.3705587447859458	1.0	1.0	1.0	0.5507414889685013	1.0	1.0	1.0	1.0
R350	238980	0.9702840552097359	0.19108777439396182	0.36933271998083766	0.3025946117106565	0.123418649064899	0.30259461171065644	0.11965578713785165	0.11321006978409846	0.1806149275854079	0.13222654979057366	0.30259461171065644	0.29830569107842864	0.1198218419643315	0.18481739063135919	0.17616537840116575	0.36149837889527114	0.3025946117106565	0.17511546745381773	0.09305506412369363	0.12260698276678048	0	0.16289993222697818	0.05881473217613706	0.05423885053624034	0.07850945181327844	0.30259461171065644	0.2833543141664773	0.3025946117106565	0.30259461171065655	0.3666689433392777	1.0	1.0	1.0	0.5507414889685013	1.0	1.0	1.0	1.0
R351	238981	0.9702840552097357	0.1713025227189847	0.45652121877957025	0.4428868423565231	0.2572733721220285	0.4428868423565231	0.12679124450833815	0.17608620873033534	0.14587655437498698	0.27251878043644023	0.442886842356523	0.4574553165010922	0.22255064455986345	0.3133280893756726	0.14485107854796905	0.5206480043179348	0.4596354415703892	0.09608196065946387	0.13388288814568597	0.1427462273307977	0.16289993222697818	0	0.20278192195810643	0.18700765510466905	0.23096467691579764	0.45629989602171445	0.17656047534956443	0.4483798446063882	0.4428868423565231	0.4551127139489905	1.0	1.0	1.0	0.5507414889685014	1.0	1.0	1.0	1.0
R355	238984	0.9702840552097357	0.19540483565683905	0.364109701627088	0.249447124911022	0.12279459918279004	0.249447124911022	0.11903173725574266	0.10163663279691304	0.17662643399899128	0.07907906299093921	0.24944712491102192	0.2546733945429858	0.1191977920822225	0.14622828959030995	0.17554132851905674	0.31786608235982833	0.2568535196122827	0.1744914175717087	0.08790927409179396	0.12111161987492373	0.05881473217613706	0.20278192195810643	0	0.02784143693081154	0.03078153991901806	0.253517974063608	0.28273026428436826	0.249447124911022	0.24944712491102208	0.3600374201549481	1.0	1.0	1.0	0.5507414889685013	1.0	1.0	1.0	1.0
R356	238985	0.9702840552097359	0.18251102136087258	0.36980003383533466	0.2772885618418336	0.10886709189790576	0.27728856184183354	0.09119030032493113	0.10939002274036595	0.17145821192938307	0.10692049992175076	0.27728856184183354	0.2725323273551088	0.09135635515141098	0.14257623563419214	0.1476998915882452	0.33572501517195136	0.2772885618418336	0.14815393667716467	0.08261100494083275	0.10203388635230656	0.05423885053624034	0.18700765510466905	0.02784143693081154	0	0.051126072327731566	0.27728856184183354	0.2548888273535568	0.2772885618418336	0.2772885618418337	0.36713625719377463	1.0	1.0	1.0	0.5507414889685012	1.0	1.0	1.0	1.0
R357	238986	0.9702840552097357	0.21135607676207138	0.36471564927741723	0.22616248951410203	0.1460792345797101	0.22616248951410192	0.14231637265266267	0.12195715384318295	0.1905040096706576	0.05579442759401918	0.22616248951410192	0.22649063958529458	0.14248242747914253	0.12401511534061617	0.19882596391597676	0.2896833274021372	0.2286707646545915	0.19777605296862877	0.10334191597158017	0.14439625527184374	0.07850945181327844	0.23096467691579764	0.03078153991901806	0.051126072327731566	0	0.22616248951410198	0.30601489968128837	0.22616248951410203	0.2261624895141021	0.3620518726358573	1.0	1.0	1.0	0.5507414889685013	1.0	1.0	1.0	1.0
R359	238988	0.8091215584867514	0.43751856627617336	0.3641097016270879	0.16116249672298427	0.3178081781448592	0.16116249672298427	0.3684788621667647	0.33853066428589756	0.3797552163526544	0.18555353596633578	0.1611624967229842	0.2255106050192046	0.3686449169932445	0.23371872313059652	0.42498845343007874	0.22551060501920464	0.164498042271659	0.4239385424827307	0.32950440548568216	0.37055874478594575	0.30259461171065644	0.45629989602171445	0.253517974063608	0.27728856184183354	0.22616248951410198	0	0.5321773891953904	0.16116249672298427	0.0839345993495438	0.36122460222767205	0.8388375032770159	0.8388375032770158	0.8388375032770158	0.5507414889685013	0.8388375032770158	0.8388375032770157	0.8388375032770157	0.8388375032770157
R362	238991	0.9702840552097359	0.2379321399580204	0.5321773891953903	0.5321773891953904	0.268802756999484	0.5321773891953903	0.19636461609380018	0.2589275364634915	0.21057398949948464	0.36180932727530746	0.5321773891953904	0.4689847013785478	0.23110584036183562	0.3265997309124972	0.15471072792130652	0.5321773891953903	0.5321773891953905	0.17379265449537676	0.20888887621001165	0.22094956766888826	0.2833543141664773	0.17656047534956443	0.28273026428436826	0.2548888273535568	0.30601489968128837	0.5321773891953904	0	0.5321773891953904	0.5321773891953904	0.5321773891953904	1.0	1.0	1.0	0.5815405536435655	1.0	1.0	1.0	1.0
R365	238994	0.9702840552097357	0.4375185662761734	0.36410970162708794	0.008948383494846349	0.3722417240938121	0.07712245784109942	0.3684788621667647	0.3366889293085472	0.4166664991847597	0.17763348455100947	0.013715285045012798	0.07226815971154664	0.36864491699324453	0.2337187231305965	0.42498845343007874	0.07226815971154665	0.011255596964001038	0.4239385424827307	0.3295044054856821	0.3705587447859458	0.3025946117106565	0.4483798446063882	0.249447124911022	0.2772885618418336	0.22616248951410203	0.16116249672298427	0.5321773891953904	0	0.08642239673790035	0.36003742015494805	1.0	1.0	1.0	0.5507414889685014	1.0	1.0	1.0	1.0
R368	238997	0.8930561578362953	0.4375185662761735	0.36410970162708794	0.077474013243054	0.3178081781448593	0.07722789737344042	0.36847886216676473	0.33668892930854727	0.3797552163526546	0.17036806192008283	0.07722789737344037	0.158690556449447	0.36864491699324453	0.23371872313059658	0.4249884534300788	0.15869055644944702	0.09767799370190137	0.42393854248273083	0.3295044054856822	0.37055874478594586	0.30259461171065655	0.4428868423565231	0.24944712491102208	0.2772885618418337	0.2261624895141021	0.0839345993495438	0.5321773891953904	0.08642239673790035	0	0.36003742015494816	0.9227721026265595	0.9227721026265594	0.9227721026265595	0.5507414889685014	0.9227721026265594	0.9227721026265594	0.9227721026265594	0.9227721026265595
R414	239014	0.9702840552097359	0.4375185662761734	0.3222674170565025	0.36003742015494805	0.38373042595330703	0.3181951355843627	0.3774544520332564	0.31819513558436263	0.37482421461417426	0.3600374201549481	0.360037420154948	0.4255727105238925	0.4255727105238924	0.4255727105238924	0.4255727105238925	0.4255727105238924	0.36456014777634677	0.42393854248273083	0.3683119998373257	0.3705587447859458	0.3666689433392777	0.4551127139489905	0.3600374201549481	0.36713625719377463	0.3620518726358573	0.36122460222767205	0.5321773891953904	0.36003742015494805	0.36003742015494816	0	1.0	1.0	1.0	0.48315130362093944	1.0	1.0	1.0	1.0
BDA_015	239098	0.7313865627647984	1.0	1.0	1.0	0.9455664540510472	1.0	1.0	1.0	0.9630887171678949	1.0	1.0	1.0	1.0	1.0	1.0	1.0	1.0	1.0	1.0	1.0	1.0	1.0	1.0	1.0	1.0	0.8388375032770159	1.0	1.0	0.9227721026265595	1.0	0	0.5223443808964733	0.5434354686597774	1.0	0.5006911900107521	0.7313865627647985	0.6959848534986391	0.5791558180021449
BDA_021	239102	0.6970217438387613	1.0	1.0	1.0	0.9455664540510472	1.0	1.0	1.0	0.9630887171678947	1.0	1.0	1.0	1.0	1.0	1.0	1.0	1.0	1.0	1.0	1.0	1.0	1.0	1.0	1.0	1.0	0.8388375032770158	1.0	1.0	0.9227721026265594	1.0	0.5223443808964733	0	0.27245566601517773	1.0	0.42598552989687827	0.6970217438387611	0.6970217438387613	0.36186602148744357
BDA_106	239174	0.7411202675656771	1.0	1.0	1.0	0.9455664540510472	1.0	1.0	1.0	0.9630887171678949	1.0	1.0	1.0	1.0	1.0	1.0	1.0	1.0	1.0	1.0	1.0	1.0	1.0	1.0	1.0	1.0	0.8388375032770158	1.0	1.0	0.9227721026265595	1.0	0.5434354686597774	0.27245566601517773	0	1.0	0.4317478026183049	0.741120267565677	0.6839790174929226	0.2537696372447088
BDA_181	239236	0.9702840552097357	0.5507414889685014	0.5507414889685013	0.5507414889685014	0.5815405536435656	0.5507414889685012	0.5507414889685013	0.5507414889685012	0.5507414889685013	0.5507414889685013	0.5507414889685011	0.5815405536435655	0.5815405536435655	0.5815405536435655	0.5815405536435655	0.5815405536435655	0.5507414889685013	0.5507414889685014	0.5507414889685013	0.5507414889685013	0.5507414889685013	0.5507414889685014	0.5507414889685013	0.5507414889685012	0.5507414889685013	0.5507414889685013	0.5815405536435655	0.5507414889685014	0.5507414889685014	0.48315130362093944	1.0	1.0	1.0	0	1.0	1.0	1.0	1.0
BDA_196	239247	0.6899023720156048	1.0	1.0	1.0	0.9455664540510472	1.0	1.0	1.0	0.9630887171678947	1.0	1.0	1.0	1.0	1.0	1.0	1.0	1.0	1.0	1.0	1.0	1.0	1.0	1.0	1.0	1.0	0.8388375032770158	1.0	1.0	0.9227721026265594	1.0	0.5006911900107521	0.42598552989687827	0.4317478026183049	1.0	0	0.6899023720156047	0.6494357266774126	0.2894895414453434
BDA_200	239251	0.6465176262794837	1.0	1.0	1.0	0.9455664540510472	1.0	1.0	1.0	0.9630887171678949	1.0	1.0	1.0	1.0	1.0	1.0	1.0	1.0	1.0	1.0	1.0	1.0	1.0	1.0	1.0	1.0	0.8388375032770157	1.0	1.0	0.9227721026265594	1.0	0.7313865627647985	0.6970217438387611	0.741120267565677	1.0	0.6899023720156047	0	0.4481329879212777	0.6894275159143596
BDA_201	239252	0.6465176262794836	1.0	1.0	1.0	0.9455664540510472	1.0	1.0	1.0	0.9630887171678949	1.0	1.0	1.0	1.0	1.0	1.0	1.0	1.0	1.0	1.0	1.0	1.0	1.0	1.0	1.0	1.0	0.8388375032770157	1.0	1.0	0.9227721026265594	1.0	0.6959848534986391	0.6970217438387613	0.6839790174929226	1.0	0.6494357266774126	0.4481329879212777	0	0.6322862658416054
BDA_206	239256	0.6894275159143598	1.0	1.0	1.0	0.9455664540510472	1.0	1.0	1.0	0.9630887171678949	1.0	1.0	1.0	1.0	1.0	1.0	1.0	1.0	1.0	1.0	1.0	1.0	1.0	1.0	1.0	1.0	0.8388375032770157	1.0	1.0	0.9227721026265595	1.0	0.5791558180021449	0.36186602148744357	0.2537696372447088	1.0	0.2894895414453434	0.6894275159143596	0.6322862658416054	0
