R303	238933	0.0	0.00066110575192346	0.0010865511225198205	0.0007672129168837953	0.0021994032265806327	0.0007181744125950378	0.0007023008719928715	0.0009568490552278417	0.001777266438056103	0.0011809942716368743	0.0008603806809255511	0.0012784581403533788	0.0010810742917631445	0.0011737503603542298	0.00043761916199614305	0.0010056100448379355	0.0004829481022344562	0.0017835606612648003	0.0020442435110090756	0.0003163267576297367	0.0023614963275410163	0.0020762177937031904	0.0021973528148455162	0.002097804635387359	0.0021087048881467895	0.002069834171675142	0.0035149687679174027	0.00239902530547115	0.002655723114246265	0.04060142996287515	0.002621741437928482	0.040232741908526465	0.041908416383314925	0.04004931836684451	0.03982662807381869	0.0379462203860228	0.03908812539947764	0.0391293072283314
R333	238963	0.00066110575192346	0.0	0.0010076482713942789	0.0003250289061812365	0.002120500375455091	0.0005793589599814641	0.0009128427468965237	0.0011673819274306838	0.001638474599428564	0.0013915335419583917	0.0010709107522881409	0.0014889898121961125	0.0006528603411510813	0.0012102420306161234	0.0004379578149029804	0.0012161565256451675	0.0007734830124847132	0.0019941055327065416	0.001965340659883534	0.0006034072349038317	0.0027898994807336853	0.0022867498595034955	0.00240790048684737	0.0023083407015877045	0.0022111819122087664	0.0022500454279603416	0.0037203453449089815	0.0026095881823957846	0.0028284935667690497	0.040638063577932565	0.002832394197730015	0.04026937552358388	0.041945049998372334	0.04008595198190192	0.039863261688876106	0.037982854001080216	0.039124759014535056	0.03916594084338881
R334	238964	0.0010865511225198205	0.0010076482713942789	0.0	0.0013162597301060214	0.0011128521040608122	0.0015869129627859267	0.0004558217333376711	0.0003589430659823212	0.002646046400390523	0.00038396424969994007	0.00032426515791990243	0.00048136946519915317	0.0016604669464343365	0.00046868964729946	0.001280312898239648	0.0005081116405501053	0.0009784887607576648	0.0009864799223244652	0.000957692388489255	0.0009580942498443914	0.001782523689205528	0.0012791015881092166	0.0014002522154530905	0.0013006924301934256	0.001203533640814487	0.0012423971565660628	0.002712710276155231	0.0016019399110015066	0.002332991358080512	0.039630649753427664	0.001824980373225114	0.03926196169907897	0.04093763617386744	0.03907853815739703	0.038855847864371205	0.036975440176575315	0.038117345190030155	0.03815852701888391
R337	238967	0.0007672129168837953	0.0003250289061812365	0.0013162597301060214	0.0	0.002429111834166834	0.0004136870868385441	0.0012214374005667537	0.0014759933861424263	0.0013298040670618465	0.0017001450006701346	0.0013795222109998834	0.0017976012709078554	0.0003442108148473588	0.0015188534893278661	0.00042934845691138223	0.001524755181796398	0.0009553106532128029	0.002302716991418284	0.002273952118595277	0.0008449409751062508	0.003098482933844308	0.002595361318215238	0.0027165119455591124	0.002616952160299447	0.0025197933709205085	0.0025586568866720846	0.004028956803620725	0.0029181996411075275	0.0031370524469997406	0.040946647031043185	0.003140977650840637	0.0405779589766945	0.04225363345148296	0.04039453543501255	0.040171845141986726	0.038291437454190835	0.039433342467645675	0.03947452429649943
R338	238968	0.0021994032265806327	0.002120500375455091	0.0011128521040608122	0.002429111834166834	0.0	0.002699765066846739	0.0015575484604081228	0.0012943668139341804	0.003758898504451335	0.0011392718715043013	0.0013605887581074321	0.0009597874279183751	0.0027733190504951486	0.0015265091321964397	0.0023931650023004602	0.0015128048360044024	0.0020913290661198356	0.0005971658863572718	0.00015515971557155718	0.0020709419574272284	0.0006699576216286514	0.0001662802871287124	0.0002874898656031206	0.00018787512961296134	9.069833843384302e-05	0.00012956905490549075	0.0016000358076215249	0.0004891574139013901	0.0023666861472383433	0.03851797528489396	0.0007123922903270979	0.03814928723054527	0.03982496170533373	0.037965863688863316	0.03774317339583749	0.0358627657080416	0.03700467072149644	0.0370458525503502
R343	238973	0.0007181744125950378	0.0005793589599814641	0.0015869129627859267	0.0004136870868385441	0.002699765066846739	0.0	0.001194017580245945	0.0014485739659416536	0.0011304399849040143	0.001672722381410024	0.0013521041912192366	0.0017701824508871364	0.000530457754743606	0.0016706686213080516	0.00030661866154177626	0.0014973305553721496	0.0009798522845222513	0.002275291571598062	0.0025446053512751814	0.000797711583756998	0.0030710258089635856	0.002567942301215734	0.0026890863212962403	0.0025895311430999225	0.002609066728412896	0.0025701960119412478	0.004011955258963822	0.002890774016844656	0.0031509696939862604	0.04109843085968387	0.003113532776794029	0.04072974280533519	0.04240541728012365	0.04054631926365323	0.04032362897062741	0.03844322128283152	0.03958512629628636	0.03962630812514012
R346	238976	0.0007023008719928715	0.0009128427468965237	0.0004558217333376711	0.0012214374005667537	0.0015575484604081228	0.001194017580245945	0.0	0.00026320225265579703	0.0022013500440432126	0.00047870760010338054	0.00019697050554166268	0.0005977610324897475	0.0015655797974492352	0.000526787600625888	0.0009220401468762737	0.0003033592337506767	0.0006168947258677598	0.0010812795908515306	0.0014023887448365653	0.0005134018995398618	0.0018772265562607216	0.0013912681732794105	0.0014950745449923582	0.001395514759732693	0.0014668501219742796	0.001427979405502632	0.0028490933490648374	0.001696762240540774	0.0021153004442551913	0.03993576425471491	0.00191971225786736	0.039567076200366216	0.04124275067515468	0.039383652658684265	0.03916096236565844	0.03728055467786255	0.03842245969131739	0.03846364152017115
R350	238980	0.0009568490552278417	0.0011673819274306838	0.0003589430659823212	0.0014759933861424263	0.0012943668139341804	0.0014485739659416536	0.00026320225265579703	0.0	0.002464531690517155	0.000224166432315715	9.647317574272286e-05	0.0003345793860158051	0.0018201373835050518	0.00045285460915702884	0.0011765875298711719	0.00023210203226745684	0.0008748955439731917	0.0008267368092370464	0.0011392070983626229	0.0007765883474542364	0.001622712183168794	0.0011280865268054679	0.001240531763377874	0.001140971978118209	0.0012036684755003372	0.0011647977590286895	0.0025893559349406004	0.00144221945892629	0.002032739628230384	0.039676046046352394	0.0016651886820146043	0.0393073579920037	0.04098303246679217	0.03912393445032176	0.038901244157295935	0.037020836469500044	0.038162741482954884	0.03820392331180864
R351	238981	0.001777266438056103	0.001638474599428564	0.002646046400390523	0.0013298040670618465	0.003758898504451335	0.0011304399849040143	0.0022013500440432126	0.002464531690517155	0.0	0.002619626632947034	0.002398309746343903	0.00279911107653296	0.0009857462978893664	0.002728104084597364	0.0013657343009888761	0.0023663971558418907	0.002001115453576073	0.0031617326180940633	0.003603738788879778	0.0017488940267480241	0.003953008394469996	0.003592618217322623	0.0035452945694343313	0.003571023374838374	0.0036682001660174922	0.0036293294495458443	0.004809347128628707	0.0037094927325541454	0.004178661716858262	0.04189564672288536	0.003973863167650295	0.04152695866853667	0.04320263314332513	0.041343535126854715	0.0411208448338289	0.03924043714603301	0.04038234215948785	0.040423523988341606
R355	238984	0.0011809942716368743	0.0013915335419583917	0.00038396424969994007	0.0017001450006701346	0.0011392718715043013	0.001672722381410024	0.00047870760010338054	0.000224166432315715	0.002619626632947034	0.0	0.0003206227896702509	0.00017948444358592596	0.0020442762017954088	0.000677006223684737	0.00140073914439888	0.00037353296450010114	0.001078381164222617	0.00060257199074815	0.0009841121559327438	0.0009359484755360107	0.0013986136136804233	0.0009729915843755886	0.0010163669448889777	0.0009513967418913399	0.0010485735330704581	0.0010097028165988104	0.0024067234970894177	0.0012258697051603434	0.0021283316913744362	0.039493455641795336	0.0014410658968198329	0.03912476758744665	0.04080044206223511	0.03894134404576469	0.03871865375273888	0.03683824606494299	0.03798015107839783	0.038021332907251584
R356	238985	0.0008603806809255511	0.0010709107522881409	0.00032426515791990243	0.0013795222109998834	0.0013605887581074321	0.0013521041912192366	0.00019697050554166268	9.647317574272286e-05	0.002398309746343903	0.0003206227896702509	0.0	0.000418079059907972	0.001723671810043013	0.0003563844382765568	0.0010801163547286292	0.00021136316453120962	0.000790482583074922	0.0009231947804184008	0.001205429042535875	0.0007103531993197961	0.0017191717548302927	0.0012158391072153545	0.0013369897345592288	0.0012374299492995634	0.0012698904196735894	0.0012310197032019416	0.0026676326923378195	0.0015386774301076448	0.0020553333338920823	0.039754324804349796	0.001761648653796139	0.039385636750001105	0.04106131122478957	0.03920221320831915	0.03897952291529333	0.03709911522749744	0.03824102024095228	0.03828220206980604
R357	238986	0.0012784581403533788	0.0014889898121961125	0.00048136946519915317	0.0017976012709078554	0.0009597874279183751	0.0017701824508871364	0.0005977610324897475	0.0003345793860158051	0.00279911107653296	0.00017948444358592596	0.000418079059907972	0.0	0.002141747668990697	0.000774462493922458	0.001498195414636601	0.000553017408086027	0.001201669177083125	0.0005051157205104289	0.0008046277123468181	0.001111154529508853	0.0013012201331537901	0.0007977600473073825	0.0009189106746512567	0.0008193508893915916	0.0008690890894845321	0.0008302183730128844	0.0022599712868823663	0.0011205983701996726	0.0021993686909492	0.03934671943478892	0.0013436556196959092	0.03897803138044023	0.0406537058552287	0.03879460783875829	0.03857191754573247	0.03669150985793658	0.03783341487139141	0.03787459670024518
R362	238991	0.0010810742917631445	0.0006528603411510813	0.0016604669464343365	0.0003442108148473588	0.0027733190504951486	0.000530457754743606	0.0015655797974492352	0.0018201373835050518	0.0009857462978893664	0.0020442762017954088	0.001723671810043013	0.002141747668990697	0.0	0.0018630046944539409	0.000643565461977115	0.0018688737612097652	0.001299446846954086	0.002646836990303111	0.0026181593349235916	0.001169265998619586	0.0034425372087007475	0.002939506928382937	0.003060626343323715	0.0029610897696670663	0.002863966983888488	0.0029028160981999195	0.0043730095736151395	0.0032622676435144506	0.0034809510237656088	0.04129050809951835	0.003485011171051316	0.04092182004516966	0.04259749451995812	0.040738396503487706	0.04051570621046188	0.03863529852266599	0.03977720353612083	0.03981838536497459
R318	238948	0.0011737503603542298	0.0012102420306161234	0.00046868964729946	0.0015188534893278661	0.0015265091321964397	0.0016706686213080516	0.000526787600625888	0.00045285460915702884	0.002728104084597364	0.000677006223684737	0.0003563844382765568	0.000774462493922458	0.0018630046944539409	0.0	0.0013778680778055614	0.0004370129176819101	0.0007269916279595807	0.001279578214432887	0.0013713494166248824	0.0009800883441345696	0.001993018996032908	0.0015722225412298407	0.0016194872379875977	0.0015938133833140497	0.001544876256828903	0.0015527478816713867	0.002630382736177236	0.001519625573664039	0.0023600971013991758	0.03954823819664631	0.0020389554375010287	0.039179550142297626	0.04085522461708607	0.03899612660061566	0.03877343630758985	0.036893028619793954	0.038034933633248794	0.03807611546210256
R320	238950	0.00043761916199614305	0.0004379578149029804	0.001280312898239648	0.00042934845691138223	0.0023931650023004602	0.00030661866154177626	0.0009220401468762737	0.0011765875298711719	0.0013657343009888761	0.00140073914439888	0.0010801163547286292	0.001498195414636601	0.000643565461977115	0.0013778680778055614	0.0	0.0012253621280856556	0.000687068348622566	0.00200331113514703	0.002238005286728903	0.0005257365511075428	0.0027991062834142218	0.0022959554619439836	0.002417106089287858	0.0023175463040281926	0.002302466663866617	0.0022635959473949695	0.0037295509473494705	0.002618793784836273	0.0028652270265726453	0.040805690825362055	0.0028416010004105514	0.040437002771013364	0.042112677245801824	0.040253579229331406	0.04003088893630559	0.0381504812485097	0.03929238626196454	0.0393335680908183
R321	238951	0.0010056100448379355	0.0012161565256451675	0.0005081116405501053	0.001524755181796398	0.0015128048360044024	0.0014973305553721496	0.0003033592337506767	0.00023210203226745684	0.0023663971558418907	0.00037353296450010114	0.00021136316453120962	0.000553017408086027	0.0018688737612097652	0.0004370129176819101	0.0012253621280856556	0.0	0.0007947308365159748	0.0009156389496471304	0.0013576451204328451	0.0007004918466179965	0.001624650789205683	0.00134652454887569	0.0012381743231330918	0.0013249297063914409	0.0014221064975705592	0.0013832357810989117	0.0027492225393659824	0.0015683687474369074	0.0021942127408544226	0.03983587180955382	0.0016576276617311628	0.03946718375520513	0.04114285822999359	0.03928376021352318	0.03906106992049736	0.03718066223270147	0.03832256724615631	0.03836374907501007
R323	238953	0.0004829481022344562	0.0007734830124847132	0.0009784887607576648	0.0009553106532128029	0.0020913290661198356	0.0009798522845222513	0.0006168947258677598	0.0008748955439731917	0.002001115453576073	0.001078381164222617	0.000790482583074922	0.001201669177083125	0.001299446846954086	0.0007269916279595807	0.000687068348622566	0.0007947308365159748	0.0	0.001680953154970767	0.0019361693505482783	0.0003024673739321802	0.0023943060576940853	0.0019977336314570718	0.0020208621785254774	0.0020021067563695625	0.0020006307276859924	0.001990299319105836	0.0031819092600210617	0.0020711520975078643	0.002539469022575578	0.04022694876415774	0.0024402459252175655	0.03985826070980905	0.04153393518459751	0.03967483716812709	0.039452146875101284	0.037571739187305386	0.038713644200760226	0.03875482602961399
R324	238954	0.0017835606612648003	0.0019941055327065416	0.0009864799223244652	0.002302716991418284	0.0005971658863572718	0.002275291571598062	0.0010812795908515306	0.0008267368092370464	0.0031617326180940633	0.00060257199074815	0.0009231947804184008	0.0005051157205104289	0.002646836990303111	0.001279578214432887	0.00200331113514703	0.0009156389496471304	0.001680953154970767	0.0	0.0004420061707857147	0.0015385204662841604	0.0007961896525381943	0.00043088559922855945	0.00041379495414082786	0.0004092907567443106	0.0005064675479234289	0.00046759683145178115	0.0018405911131026207	0.0006596565050103126	0.0022472564632988216	0.03892733926100918	0.0008386251390803134	0.038558651206660494	0.040234325681448954	0.038375227664978535	0.03815253737195272	0.03627212968415683	0.03741403469761167	0.037455216526465426
R327	238957	0.0020442435110090756	0.001965340659883534	0.000957692388489255	0.002273952118595277	0.00015515971557155718	0.0025446053512751814	0.0014023887448365653	0.0011392070983626229	0.003603738788879778	0.0009841121559327438	0.001205429042535875	0.0008046277123468181	0.0026181593349235916	0.0013713494166248824	0.002238005286728903	0.0013576451204328451	0.0019361693505482783	0.0004420061707857147	0.0	0.0019157822418556711	0.0008250719807645649	0.0003214220009000895	0.0004426054378862001	0.00034301684338433847	0.0002458412523252322	0.0002847107686768679	0.001755177521392902	0.0006442991276727673	0.002405653407364356	0.03867311699866533	0.0008675066494630116	0.03830442894431665	0.03998010341910511	0.038121005402634696	0.03789831510960887	0.03601790742181298	0.03715981243526782	0.03720099426412158
R348	238978	0.0003163267576297367	0.0006034072349038317	0.0009580942498443914	0.0008449409751062508	0.0020709419574272284	0.000797711583756998	0.0005134018995398618	0.0007765883474542364	0.0017488940267480241	0.0009359484755360107	0.0007103531993197961	0.001111154529508853	0.001169265998619586	0.0009800883441345696	0.0005257365511075428	0.0007004918466179965	0.0003024673739321802	0.0015385204662841604	0.0019157822418556711	0.0	0.002293157496619064	0.001904661670298516	0.0019154219158840802	0.001883066827814267	0.0019802436189933856	0.0019413729025217377	0.0033400993358108618	0.0021592455438817866	0.0024910819025408346	0.0404266610086911	0.0023373724826247872	0.04005797295434241	0.041733647429130875	0.03987454941266046	0.03965185911963463	0.03777145143183874	0.03891335644529358	0.03895453827414734
R308	238938	0.0023614963275410163	0.0027898994807336853	0.001782523689205528	0.003098482933844308	0.0006699576216286514	0.0030710258089635856	0.0018772265562607216	0.001622712183168794	0.003953008394469996	0.0013986136136804233	0.0017191717548302927	0.0013012201331537901	0.0034425372087007475	0.001993018996032908	0.0027991062834142218	0.001624650789205683	0.0023943060576940853	0.0007961896525381943	0.0008250719807645649	0.002293157496619064	0.0	0.000503677334499939	0.0004082843107199832	0.0004820824920156901	0.0005792592831948084	0.0005403885667231606	0.0019114461710324666	0.0007306628090736505	0.002747873745233206	0.03899789974385754	0.0008273439401698241	0.03862921168950885	0.04030488616429732	0.038445788147826905	0.03822309785480109	0.0363426901670052	0.03748459518046003	0.037525777009313796
R317	238947	0.0020762177937031904	0.0022867498595034955	0.0012791015881092166	0.002595361318215238	0.0001662802871287124	0.002567942301215734	0.0013912681732794105	0.0011280865268054679	0.003592618217322623	0.0009729915843755886	0.0012158391072153545	0.0007977600473073825	0.002939506928382937	0.0015722225412298407	0.0022959554619439836	0.00134652454887569	0.0019977336314570718	0.00043088559922855945	0.0003214220009000895	0.001904661670298516	0.000503677334499939	0.0	0.00012120957847440827	2.1594842484248926e-05	7.558194869486936e-05	3.6711232223221665e-05	0.0014649001988135811	0.0003228771267726778	0.002255526093509209	0.03855164834672014	0.0005461120031983856	0.03818296029237145	0.039858634767159916	0.037999536750689504	0.03777684645766368	0.03589643876986779	0.03703834378332263	0.03707952561217639
R319	238949	0.0021973528148455162	0.00240790048684737	0.0014002522154530905	0.0027165119455591124	0.0002874898656031206	0.0026890863212962403	0.0014950745449923582	0.001240531763377874	0.0035452945694343313	0.0010163669448889777	0.0013369897345592288	0.0009189106746512567	0.003060626343323715	0.0016194872379875977	0.002417106089287858	0.0012381743231330918	0.0020208621785254774	0.00041379495414082786	0.0004426054378862001	0.0019154219158840802	0.0004082843107199832	0.00012120957847440827	0.0	9.96147359901593e-05	0.0001967915271692776	0.0001579208106976299	0.0015189078941288264	0.00033793287099281345	0.002366171187873736	0.038605656042035384	0.0004291703693869883	0.03823696798768669	0.03991264246247516	0.03805354444600474	0.037830854152978925	0.035950446465183035	0.037092351478637875	0.03713353330749163
R326	238956	0.002097804635387359	0.0023083407015877045	0.0013006924301934256	0.002616952160299447	0.00018787512961296134	0.0025895311430999225	0.001395514759732693	0.001140971978118209	0.003571023374838374	0.0009513967418913399	0.0012374299492995634	0.0008193508893915916	0.0029610897696670663	0.0015938133833140497	0.0023175463040281926	0.0013249297063914409	0.0020021067563695625	0.0004092907567443106	0.00034301684338433847	0.001883066827814267	0.0004820824920156901	2.1594842484248926e-05	9.96147359901593e-05	0.0	9.717679117911829e-05	5.830607470747059e-05	0.0014692733237260719	0.0003012822842884288	0.0022666288113163333	0.03855602147163263	0.0005245171607141367	0.03818733341728394	0.0398630078920724	0.03800390987560199	0.03778121958257617	0.03590081189478028	0.03704271690823512	0.03708389873708888
R339	238969	0.0021087048881467895	0.0022111819122087664	0.001203533640814487	0.0025197933709205085	9.069833843384302e-05	0.002609066728412896	0.0014668501219742796	0.0012036684755003372	0.0036682001660174922	0.0010485735330704581	0.0012698904196735894	0.0008690890894845321	0.002863966983888488	0.001544876256828903	0.002302466663866617	0.0014221064975705592	0.0020006307276859924	0.0005064675479234289	0.0002458412523252322	0.0019802436189933856	0.0005792592831948084	7.558194869486936e-05	0.0001967915271692776	9.717679117911829e-05	0.0	3.8870716471647695e-05	0.001509337469187682	0.00039845907546754713	0.0022759878088045005	0.03853634240952642	0.000621693951893255	0.03816765435517773	0.0398433288299662	0.037984230813495785	0.03776154052046996	0.03588113283267407	0.03702303784612891	0.03706421967498267
R365	238994	0.002069834171675142	0.0022500454279603416	0.0012423971565660628	0.0025586568866720846	0.00012956905490549075	0.0025701960119412478	0.001427979405502632	0.0011647977590286895	0.0036293294495458443	0.0010097028165988104	0.0012310197032019416	0.0008302183730128844	0.0029028160981999195	0.0015527478816713867	0.0022635959473949695	0.0013832357810989117	0.001990299319105836	0.00046759683145178115	0.0002847107686768679	0.0019413729025217377	0.0005403885667231606	3.6711232223221665e-05	0.0001579208106976299	5.830607470747059e-05	3.8870716471647695e-05	0.0	0.0014704667527160342	0.0003595883589958994	0.00226293408552841	0.038544214034368904	0.0005828232354216072	0.03817552598002022	0.03985120045480868	0.03799210243833826	0.037769412145312445	0.035889004457516555	0.037030909470971395	0.03707209129982515
R359	238988	0.0035149687679174027	0.0037203453449089815	0.002712710276155231	0.004028956803620725	0.0016000358076215249	0.004011955258963822	0.0028490933490648374	0.0025893559349406004	0.004809347128628707	0.0024067234970894177	0.0026676326923378195	0.0022599712868823663	0.0043730095736151395	0.002630382736177236	0.0037295509473494705	0.0027492225393659824	0.0031819092600210617	0.0018405911131026207	0.001755177521392902	0.0033400993358108618	0.0019114461710324666	0.0014649001988135811	0.0015189078941288264	0.0014692733237260719	0.001509337469187682	0.0014704667527160342	0.0	0.0011809750231360128	0.0036923983349514628	0.03708674814790656	0.0019448826812562938	0.036718060093557874	0.038393734568346334	0.036534636551875915	0.036311946258850106	0.03443153857105421	0.03557344358450905	0.03561462541336281
R368	238997	0.00239902530547115	0.0026095881823957846	0.0016019399110015066	0.0029181996411075275	0.0004891574139013901	0.002890774016844656	0.001696762240540774	0.00144221945892629	0.0037094927325541454	0.0012258697051603434	0.0015386774301076448	0.0011205983701996726	0.0032622676435144506	0.001519625573664039	0.002618793784836273	0.0015683687474369074	0.0020711520975078643	0.0006596565050103126	0.0006442991276727673	0.0021592455438817866	0.0007306628090736505	0.0003228771267726778	0.00033793287099281345	0.0003012822842884288	0.00039845907546754713	0.0003595883589958994	0.0011809750231360128	0.0	0.002567824086903892	0.03826772317104258	0.0007644495676768518	0.03789903511669389	0.03957470959148235	0.03771561157501193	0.03749292128198612	0.03561251359419022	0.036754418607645056	0.03679560043649883
BDA_181	239236	0.002655723114246265	0.0028284935667690497	0.002332991358080512	0.0031370524469997406	0.0023666861472383433	0.0031509696939862604	0.0021153004442551913	0.002032739628230384	0.004178661716858262	0.0021283316913744362	0.0020553333338920823	0.0021993686909492	0.0034809510237656088	0.0023600971013991758	0.0028652270265726453	0.0021942127408544226	0.002539469022575578	0.0022472564632988216	0.002405653407364356	0.0024910819025408346	0.002747873745233206	0.002255526093509209	0.002366171187873736	0.0022666288113163333	0.0022759878088045005	0.00226293408552841	0.0036923983349514628	0.002567824086903892	0.0	0.04074412174558037	0.002685547375903116	0.04037543369123168	0.04205110816602014	0.04019201014954973	0.03996931985652391	0.03808891216872802	0.03923081718218286	0.03927199901103662
R297	238927	0.04060142996287515	0.040638063577932565	0.039630649753427664	0.040946647031043185	0.03851797528489396	0.04109843085968387	0.03993576425471491	0.039676046046352394	0.04189564672288536	0.039493455641795336	0.039754324804349796	0.03934671943478892	0.04129050809951835	0.03954823819664631	0.040805690825362055	0.03983587180955382	0.04022694876415774	0.03892733926100918	0.03867311699866533	0.0404266610086911	0.03899789974385754	0.03855164834672014	0.038605656042035384	0.03855602147163263	0.03853634240952642	0.038544214034368904	0.03708674814790656	0.03826772317104258	0.04074412174558037	0.0	0.03903099608121285	0.006685856475498573	0.00593579425568235	0.006503237684076801	0.006278078545317776	0.004399836349563547	0.003656876768075994	0.005581760247057099
R414	239014	0.002621741437928482	0.002832394197730015	0.001824980373225114	0.003140977650840637	0.0007123922903270979	0.003113532776794029	0.00191971225786736	0.0016651886820146043	0.003973863167650295	0.0014410658968198329	0.001761648653796139	0.0013436556196959092	0.003485011171051316	0.0020389554375010287	0.0028416010004105514	0.0016576276617311628	0.0024402459252175655	0.0008386251390803134	0.0008675066494630116	0.0023373724826247872	0.0008273439401698241	0.0005461120031983856	0.0004291703693869883	0.0005245171607141367	0.000621693951893255	0.0005828232354216072	0.0019448826812562938	0.0007644495676768518	0.002685547375903116	0.03903099608121285	0.0	0.03866230802686416	0.040337982501652624	0.03847888448518221	0.038256194192156395	0.036375786504360505	0.037517691517815345	0.0375588733466691
BDA_106	239174	0.040232741908526465	0.04026937552358388	0.03926196169907897	0.0405779589766945	0.03814928723054527	0.04072974280533519	0.039567076200366216	0.0393073579920037	0.04152695866853667	0.03912476758744665	0.039385636750001105	0.03897803138044023	0.04092182004516966	0.039179550142297626	0.040437002771013364	0.03946718375520513	0.03985826070980905	0.038558651206660494	0.03830442894431665	0.04005797295434241	0.03862921168950885	0.03818296029237145	0.03823696798768669	0.03818733341728394	0.03816765435517773	0.03817552598002022	0.036718060093557874	0.03789903511669389	0.04037543369123168	0.006685856475498573	0.03866230802686416	0.0	0.005115260654835657	0.001326792980600864	0.0036126118897569118	0.0028856158527667958	0.00440599243315744	0.0018440749985481997
BDA_015	239098	0.041908416383314925	0.041945049998372334	0.04093763617386744	0.04225363345148296	0.03982496170533373	0.04240541728012365	0.04124275067515468	0.04098303246679217	0.04320263314332513	0.04080044206223511	0.04106131122478957	0.0406537058552287	0.04259749451995812	0.04085522461708607	0.042112677245801824	0.04114285822999359	0.04153393518459751	0.040234325681448954	0.03998010341910511	0.041733647429130875	0.04030488616429732	0.039858634767159916	0.03991264246247516	0.0398630078920724	0.0398433288299662	0.03985120045480868	0.038393734568346334	0.03957470959148235	0.04205110816602014	0.00593579425568235	0.040337982501652624	0.005115260654835657	0.0	0.004924809389232654	0.0038461328219588733	0.005249676025337033	0.0044537857648261694	0.005286951981917278
BDA_021	239102	0.04004931836684451	0.04008595198190192	0.03907853815739703	0.04039453543501255	0.037965863688863316	0.04054631926365323	0.039383652658684265	0.03912393445032176	0.041343535126854715	0.03894134404576469	0.03920221320831915	0.03879460783875829	0.040738396503487706	0.03899612660061566	0.040253579229331406	0.03928376021352318	0.03967483716812709	0.038375227664978535	0.038121005402634696	0.03987454941266046	0.038445788147826905	0.037999536750689504	0.03805354444600474	0.03800390987560199	0.037984230813495785	0.03799210243833826	0.036534636551875915	0.03771561157501193	0.04019201014954973	0.006503237684076801	0.03847888448518221	0.001326792980600864	0.004924809389232654	0.0	0.0034960971147588557	0.002702444433744129	0.004222831017135675	0.0017700022148789273
BDA_196	239247	0.03982662807381869	0.039863261688876106	0.038855847864371205	0.040171845141986726	0.03774317339583749	0.04032362897062741	0.03916096236565844	0.038901244157295935	0.0411208448338289	0.03871865375273888	0.03897952291529333	0.03857191754573247	0.04051570621046188	0.03877343630758985	0.04003088893630559	0.03906106992049736	0.039452146875101284	0.03815253737195272	0.03789831510960887	0.03965185911963463	0.03822309785480109	0.03777684645766368	0.037830854152978925	0.03778121958257617	0.03776154052046996	0.037769412145312445	0.036311946258850106	0.03749292128198612	0.03996931985652391	0.006278078545317776	0.038256194192156395	0.0036126118897569118	0.0038461328219588733	0.0034960971147588557	0.0	0.0026106805071717445	0.004066292169302283	0.0021425554290774467
BDA_200	239251	0.0379462203860228	0.037982854001080216	0.036975440176575315	0.038291437454190835	0.0358627657080416	0.03844322128283152	0.03728055467786255	0.037020836469500044	0.03924043714603301	0.03683824606494299	0.03709911522749744	0.03669150985793658	0.03863529852266599	0.036893028619793954	0.0381504812485097	0.03718066223270147	0.037571739187305386	0.03627212968415683	0.03601790742181298	0.03777145143183874	0.0363426901670052	0.03589643876986779	0.035950446465183035	0.03590081189478028	0.03588113283267407	0.035889004457516555	0.03443153857105421	0.03561251359419022	0.03808891216872802	0.004399836349563547	0.036375786504360505	0.0028856158527667958	0.005249676025337033	0.002702444433744129	0.0026106805071717445	0.0	0.001868529130706101	0.0017815155356518172
BDA_201	239252	0.03908812539947764	0.039124759014535056	0.038117345190030155	0.039433342467645675	0.03700467072149644	0.03958512629628636	0.03842245969131739	0.038162741482954884	0.04038234215948785	0.03798015107839783	0.03824102024095228	0.03783341487139141	0.03977720353612083	0.038034933633248794	0.03929238626196454	0.03832256724615631	0.038713644200760226	0.03741403469761167	0.03715981243526782	0.03891335644529358	0.03748459518046003	0.03703834378332263	0.037092351478637875	0.03704271690823512	0.03702303784612891	0.037030909470971395	0.03557344358450905	0.036754418607645056	0.03923081718218286	0.003656876768075994	0.037517691517815345	0.00440599243315744	0.0044537857648261694	0.004222831017135675	0.004066292169302283	0.001868529130706101	0.0	0.003301876243498665
BDA_206	239256	0.0391293072283314	0.03916594084338881	0.03815852701888391	0.03947452429649943	0.0370458525503502	0.03962630812514012	0.03846364152017115	0.03820392331180864	0.040423523988341606	0.038021332907251584	0.03828220206980604	0.03787459670024518	0.03981838536497459	0.03807611546210256	0.0393335680908183	0.03836374907501007	0.03875482602961399	0.037455216526465426	0.03720099426412158	0.03895453827414734	0.037525777009313796	0.03707952561217639	0.03713353330749163	0.03708389873708888	0.03706421967498267	0.03707209129982515	0.03561462541336281	0.03679560043649883	0.03927199901103662	0.005581760247057099	0.0375588733466691	0.0018440749985481997	0.005286951981917278	0.0017700022148789273	0.0021425554290774467	0.0017815155356518172	0.003301876243498665	0.0
