R297	238927	0	0.15450319636616516	0.15718683101132	0.13531887044899873	0.1451204400261104	0.14099574182108301	0.1481673316445861	0.19130417620588933	0.17398370297720855	0.15975823966874256	0.17779880672511394	0.17118919475691968	0.141602147691328	0.1749864850362954	0.14748214734538784	0.1953141516994528	0.1755446685980304	0.1666533534883277	0.16965837735934491	0.17121698847523703	0.16902719772435687	0.13681772422688518	0.15741029787154412	0.18919474418263232	0.1141422976077487	0.15087588747239064	0.1351965607128054	0.12779054153003608	0.15468903172134663	0.13288180028624738	0.16085123168315596	0.16536005952297958	0.16614876758875394	0.15334337990213454	0.15432831576247605	0.15426584969624782	0.13667559511996377	0.19404172215822652	0.1529053430442203	0.16257526178545217	0.15871380132787632	0.14817512663826976	0.15440628108749035	0.14448777677601207	0.1419215483113306	0.15212592928883922	0.18494092236341564	0.15515317525732233	0.13644081824721685	0.13668228740387073	0.1570991970655227	0.1310999252824763	0.13813005652016114	0.15170544671787178	0.13844578103207808	0.13878977878942983	0.15806618834326747	0.13559092763572062	0.1652703295552019	0.17030338388283817	0.1875415477261173	0.134808446544962	0.14595061857566913	0.15487969323995868	0.1538614508885374	0.11155414469324676	0.1722999476987447	0.14409439046876107	0.11040794979079496	0.17650602912123622	0.15258420878360066	0.23460440915887656	0.27827419364520983	0.2274925358016088	0.22370022815036963	0.15438930364296857	0.15625791592634974	0.19392293156971246	0.2821310856660752	0.204260174971472	0.14415657642952556	0.2631592029495836	0.28101603288036425	0.13889808280771865	0.22975392470549627	0.16302256043379504	0.12000804266441976	0.156364387862971	0.22467810414930778	0.12710925083886146	0.1969370760043872	0.15553418197290972	0.16495490603754537	0.2514065042422129	0.15670327459345643	0.17126568255289581	0.21401097394197227	0.153869820697032	0.19019409396423073	0.2179894218869704	0.20190704371801166	0.2351565405804164	0.26477641696892534	0.16525739949306717	0.16963931734428742	0.10179958050377273	0.1890901371852973	0.16240283231412936	0.220629243968793	0.1370237306524262	0.340625	0.1273885163784877	0.15556841449301165	0.25309643991652364	0.16140867558829938	0.21349144988175373	0.1583676840492094	0.23958322677005867	0.19326004853323703	0.23798614771959228	0.1252544566846241	0.14059821576686998	0.22217499945042463	0.28195488721804507	0.14933921318841825	0.1650502148106405
R301	238931	0.15450319636616516	0	0.06337296705188995	0.02318875184300333	0.04764608802233754	0.075702177804829	0.04612506254182403	0.0899536911463079	0.060190397978380314	0.06433899924397274	0.06556590632064316	0.058444018223275995	0.07119028295207327	0.052151377975981635	0.04990399833794983	0.08222266847690855	0.07675393945487789	0.07352279140318049	0.06924437620800965	0.05445394731388874	0.09425095015582487	0.11822342765328765	0.04617581430382013	0.1660506054346009	0.08317575880713754	0.06630080930842444	0.04333236015456042	0.09994877082620575	0.03295259911105278	0.04333134118264523	0.04389999449493764	0.04573192139492047	0.054230006421017676	0.06260547705937271	0.04345016960103382	0.06019009209736413	0.05258369132183872	0.07717698369799277	0.06295014412784058	0.053017080642383724	0.0647988253750599	0.06499740934973845	0.06026681156954694	0.05591510195590858	0.05787016291036315	0.0681428527594398	0.07011208982395294	0.05497179407830111	0.0315265732802302	0.029594164039684984	0.03507716847820275	0.04004861485578652	0.03965433694072042	0.021104860090138625	0.02659943197114095	0.026616272298262113	0.04906138029095982	0.11445287776021498	0.07283662310552773	0.049771430585373616	0.09255018464648966	0.09084761966046676	0.05419760652321118	0.11238170558185993	0.04678564371752277	0.08764263389867748	0.08179337950250362	0.11378223993823731	0.11922995179760092	0.06262256322286278	0.1745496189060705	0.15158644032597943	0.15596050243712412	0.10146407138072043	0.14762758376281665	0.04190588761675207	0.1286967348758107	0.1420460762501238	0.19585298142589544	0.08194346365224912	0.08075441087593138	0.16629873131070172	0.19336129522872914	0.03912658882939528	0.14822880704344976	0.06875218433098368	0.12271522809185997	0.18699527417799983	0.14799893876376494	0.1546906957807471	0.18735490865485388	0.08228708670869966	0.08267517614012797	0.15368193805075472	0.05935845648299793	0.053680536334803096	0.11223720071845578	0.08042077343167738	0.10265491542210291	0.11713654361965685	0.11781070688650733	0.14745423838712904	0.16299202737621982	0.05833190654540514	0.08593532839251893	0.08297081106390329	0.08095940875719393	0.08611406632456543	0.16258920584518904	0.12196529499903104	0.3140625	0.16388223073993685	0.06958568317541705	0.16330374955798957	0.09473691241088172	0.28415898253425387	0.07619466955121246	0.11068555624755393	0.06774808152801108	0.1496551437957691	0.09586921592464441	0.09307279218020756	0.1442996316046598	0.25563909774436094	0.07665344731682139	0.06611776665934
R302	238932	0.15718683101132	0.06337296705188995	0	0.05784740461585687	0.05093380159955195	0.06425866965301116	0.04129015609004362	0.0864077324055713	0.06061331441726565	0.0675160701808165	0.06639587325132087	0.03750147845005065	0.04800726383786927	0.038175455638661364	0.042544036185168846	0.07311762195884015	0.07255900565159812	0.058224269859015965	0.05254013621067369	0.04574135627323928	0.08981808070016249	0.101309164982942	0.03609186249590761	0.20478509047950277	0.043044533403571304	0.09306046572204928	0.07546816438285446	0.13311848231269213	0.07578860460134239	0.08093151150686637	0.07823341004340352	0.10273733249016402	0.09662218598418662	0.05850001599982938	0.041647582130680386	0.060525644863366986	0.049401762292953066	0.0731103488387471	0.056297532672131036	0.0497290929560727	0.04670214926213117	0.054745905527750334	0.05283583696070666	0.05683286594282653	0.056993720635756605	0.06847840552544265	0.05642228107861565	0.04488125413413131	0.0497430314877836	0.06628536644600501	0.06376775122128354	0.0698851909400575	0.06442369142807544	0.05302751938211794	0.06929803859869949	0.05885393617174173	0.04303150685363428	0.10750821086408596	0.05467558163469314	0.04708632897370713	0.0806204650743331	0.09118317242646963	0.050296776988046125	0.1108759366867373	0.04394566713138472	0.055677602879029904	0.08869408170757291	0.08916038228925562	0.09234250273260247	0.07880605323228851	0.15312105256009179	0.12958479594923977	0.14718571967306313	0.11737299409596733	0.13006397333703665	0.061777670474951016	0.11876195862440929	0.1347794311699385	0.17872648335745303	0.07927955104567036	0.07891076596278343	0.16512907426677215	0.17696734184687882	0.07250077491710741	0.13721739883653208	0.0684407422049673	0.15524839680123506	0.19247166199350563	0.1127918794272761	0.14178044165673712	0.16592634230887512	0.06951042522213098	0.07983513145461317	0.13728798466890438	0.05067745138844343	0.08203074804200343	0.13222264461604075	0.06178390547630787	0.06291419329849716	0.10353420079951071	0.13941685901928014	0.11583964429176268	0.1369762246630653	0.06247209968461763	0.07847461477769292	0.12279891531227599	0.0630911477286541	0.07243762404995885	0.1357286750242899	0.1525775974436365	0.3390625	0.14670049672188226	0.10453740030082707	0.14045758384965434	0.07368769412649107	0.2801709100610174	0.07549425034593178	0.14864356263492434	0.07184214142605931	0.13209153336998913	0.09939805999365017	0.09660163624921335	0.12673602117887986	0.2556390977443609	0.11235262080366822	0.0843344291952004
R303	238933	0.13531887044899873	0.02318875184300333	0.05784740461585687	0	0.053160168462286744	0.06361405761015172	0.0489095247643477	0.10365711836589332	0.06617430760323614	0.07621633000076805	0.07157185996691502	0.05808841315871209	0.05910216275739603	0.05893664237235896	0.05114158523826969	0.09129929294408108	0.08217489459817845	0.07963772506501392	0.07716455641905631	0.06123921171026607	0.09004711470184673	0.10509118102154211	0.05296107870019745	0.16339829015071883	0.06508168496618845	0.057807820692876544	0.034478475981501285	0.09650997898014374	0.02865949416268666	0.031194127396162175	0.035659900946986164	0.04670874458618485	0.05436143483763259	0.0516522726793648	0.04926695080498446	0.053271929274156034	0.04671426922100371	0.07795629444809823	0.0519969397478327	0.05617264255330012	0.06279674508337653	0.05723897280503621	0.05991120650498304	0.05377443705060754	0.0573629736430834	0.061224689936231695	0.06975648475938903	0.0546161890137372	0.014865703658591039	0.023542793626646675	0.036695514561523486	0.03003743844527613	0.033005852812921385	0.024296622439358432	0.027447676616187456	0.019283931460246193	0.05584664468733712	0.1084997108291191	0.07121202025395644	0.055989124522603004	0.08523163015933681	0.08392945683725868	0.05585777017401664	0.10659845857332118	0.05470430243966983	0.06841364424305899	0.0826293757773063	0.09972320765408801	0.10113587795665181	0.06306821535367445	0.16162550243659055	0.15236575107608488	0.16935196510348394	0.1029685708802695	0.14840689451292213	0.042491210598742196	0.12049564410051658	0.13893298705099125	0.19150988904968644	0.08963517012918774	0.08218335907840288	0.18000215853028717	0.18043717875924922	0.02779792055888529	0.14387773387439495	0.07400173539093781	0.11793071663435935	0.1812120271694611	0.1487782495138704	0.14176657931126713	0.17443079218537394	0.08306639745880509	0.08745450012891724	0.14841700362641344	0.060137767233103406	0.06210627172962552	0.115360966631038	0.08160006616049649	0.10229931035753902	0.11791585436976236	0.11825432990619048	0.14823354913723444	0.1637713381263253	0.060123025751191495	0.086093983451997	0.07576601921339929	0.08333129974035342	0.0812950494380885	0.16336851659529447	0.10629095568997358	0.31409942204989394	0.152929026359929	0.05632587897551481	0.16408306030809502	0.09438130734631785	0.2636503735841495	0.07648887165890642	0.12523220586764863	0.07599167318799291	0.15043445454587456	0.09008596891610568	0.09862266719478109	0.14507894235476523	0.2556390977443609	0.07207973965609	0.0661311872383338
R304	238934	0.1451204400261104	0.04764608802233754	0.05093380159955195	0.053160168462286744	0	0.048591131220464295	0.013385440628189735	0.09211866042561405	0.03728096170692625	0.057888572745588916	0.07165358497221976	0.037293257273581334	0.05657415713222657	0.04152844910225662	0.01730847785419285	0.0797608350038018	0.08424783858987177	0.042784130803633774	0.05017442379762061	0.037758952541198175	0.0831473757326969	0.08478039728477203	0.02395226193750529	0.18510342352043793	0.05338260099150091	0.08037108175666313	0.06062641595752192	0.1223470300491977	0.0657747184689108	0.06882171161637159	0.06685352224247573	0.08984441667292946	0.08100494396140474	0.04407256491395378	0.0181197017663138	0.03344323432027097	0.01255862399574327	0.06633595207002584	0.042561951512382165	0.032505797845082895	0.0247344115002699	0.03012734592543756	0.0275617174245522	0.023503361637905923	0.022127609471888587	0.03879724561846501	0.061890046908072975	0.027004987475751682	0.05093848974404826	0.03864171704952377	0.05274203666791011	0.04032122742366494	0.03535687684581323	0.04545889050974041	0.04557491474850814	0.04584416305177883	0.02460815240922864	0.08230039613411957	0.03794992175273863	0.037881016301333115	0.09332632199568165	0.056218686727957275	0.021492512378216446	0.08551468044258416	0.04745514099128316	0.05344876861861783	0.07799312659846545	0.07891217651393645	0.07809126396554043	0.07044034402330307	0.13856593497580455	0.11776772567501961	0.1578135071632046	0.12143855831608596	0.11380886911185685	0.047798729342497064	0.0927130509455448	0.13203324808184144	0.1915098890496865	0.07284141108833042	0.04581695319855011	0.16846370059000787	0.16858407079646015	0.04689557328447278	0.11762766828811655	0.03604709018598892	0.12038228563736707	0.1582348774501537	0.11418022411280512	0.12356296394203886	0.15137122472458797	0.04846837205773983	0.044138879949097404	0.1291232638888889	0.027803464853896048	0.06378090047765067	0.1300681597544395	0.04771567928668262	0.06994982127710818	0.09369511184755591	0.12316175479410024	0.13381242950377592	0.14490042508654627	0.04719571906916515	0.04739903220148836	0.08751164068994653	0.05901542119983958	0.05037151288609086	0.12877049119422923	0.14720618811679362	0.3390625	0.1365633666812347	0.08156028368794328	0.13604221519822546	0.06203181826588699	0.2773433503836318	0.04428312072151134	0.15197818895816004	0.06382578816130671	0.1158364291448093	0.060126662486169845	0.05292495239812066	0.11048091695369996	0.25563909774436094	0.07738813510515584	0.0646996139596916
R305	238935	0.14099574182108301	0.075702177804829	0.06425866965301116	0.06361405761015172	0.048591131220464295	0	0.04452146354737933	0.12220569935010313	0.06305080598536547	0.05706260882547665	0.06415157123567576	0.06515355422607333	0.02973684945068843	0.06517719312458328	0.04963935841728579	0.10984787392829089	0.062388868232724735	0.06595792159795741	0.06458041564524294	0.05698809960633803	0.07406823708697036	0.09445588410774926	0.04766597619776778	0.16610351143030236	0.05242848155835039	0.06634606736763024	0.05233111322549954	0.11992668237758573	0.07387568305271622	0.05400472407129053	0.07771453538190877	0.08635821459705524	0.07542684971376934	0.03281498673291872	0.04359995745852807	0.03428170524940968	0.0465789741132517	0.09642299099451491	0.034209150653199974	0.0596922032369799	0.06856497699864679	0.059143613397570495	0.06750190528033485	0.05207880936291199	0.055584963627053334	0.03921419650975696	0.08371990603404497	0.05953142043817827	0.05213416152055945	0.052638066506629284	0.07457189579388208	0.07186203236176746	0.0741101364131569	0.0717867462932033	0.06722338802934842	0.05090767804166722	0.04818975805568889	0.08546983836501794	0.07912530432437341	0.06642874729036499	0.08122321907051865	0.06912931078144809	0.061903219868444444	0.08395325153161395	0.04978846859043805	0.04471931690372118	0.05431325099024375	0.08965552898684918	0.07421518546345926	0.10396458005783499	0.1509902055227977	0.16027903514650185	0.18790054608769374	0.14902961706537002	0.1563201785833391	0.07833315029023825	0.10513732149253788	0.1186020261944025	0.19412657785086318	0.10292845001281951	0.08832826267003238	0.1944036783453447	0.18300048979925995	0.07746225805338093	0.15717356311974465	0.07689835002911405	0.11811320761603661	0.15165923590701125	0.15669153358428736	0.13510670704510713	0.180174425372127	0.08619461094943102	0.08072414905280327	0.15633028769683038	0.06754804904847687	0.08209104124674771	0.1601551986789286	0.08804175543461451	0.10420395095007332	0.12420782370272353	0.1656730642655825	0.163899468428265	0.17498746401103532	0.05229344861813679	0.0834505549531864	0.09355715210216485	0.07285354917944177	0.06761524597103198	0.17128180066571147	0.14240170031880975	0.3390625	0.11029335697900028	0.09196950903252776	0.171996344378512	0.09868559621146873	0.26496147238008716	0.07883842563906654	0.18206522788264914	0.08150858611812643	0.15834773861629156	0.0738976037893992	0.09054841405827041	0.1529922264251822	0.2556390977443609	0.08568811743071145	0.10275676040175413
R306	238936	0.1481673316445861	0.04612506254182403	0.04129015609004362	0.0489095247643477	0.013385440628189735	0.04452146354737933	0	0.0852366499195082	0.03096744007852213	0.0514382173111773	0.0695860246764394	0.031657673724463924	0.05337476255211909	0.033401620566023714	0.018158162331532772	0.07287882449769595	0.08091908164687893	0.04526299940948516	0.04572617574051364	0.028809381739311954	0.08558113818169578	0.08708061255653643	0.015739471158536605	0.18753718596943683	0.05138049361419629	0.07586975901188389	0.05566632578799312	0.12478079249819654	0.06127339572413156	0.06673869114806805	0.06235219949769649	0.08548942798009812	0.08377956781773309	0.04450421998564804	0.014127396838597196	0.031375674024490624	0.019808381773595913	0.059453941563919956	0.04695800059236793	0.0224926946070857	0.03058417247075821	0.03067502217643864	0.02315758429852705	0.026329400729149813	0.029610370916667794	0.036729685322684655	0.050506713657187875	0.018524400142244817	0.04693248654962433	0.04081451610258729	0.041770210128040414	0.04469354898733592	0.04377053231636242	0.03481769686260834	0.04800867719750703	0.04182458996639094	0.018438838944755297	0.08602316584396244	0.04190193817104214	0.030857791956235166	0.08682289187359779	0.05920012542795723	0.01755889888663664	0.08794844289158305	0.036951825081724315	0.051994337492314274	0.07549061089619602	0.07945985276493754	0.08120963272139085	0.06143365350444282	0.1436149339715849	0.11593471416469406	0.15093149665709876	0.11206056763477507	0.1119758576015313	0.03641539609161196	0.09801909911535993	0.13446701053084034	0.1915098890496865	0.06674872516265164	0.04981972594144578	0.16237623762376238	0.1685840707964602	0.04878244175640177	0.12267666728389684	0.033104721959396004	0.12786504708214627	0.16571763889493285	0.11234721260247958	0.12773143549389432	0.15642022372036826	0.04663536054741428	0.03854497536456955	0.1291232638888889	0.025548450184053353	0.05933265242054368	0.12318614924833367	0.043697434452806695	0.06361548702200338	0.08688457847882479	0.1232392478760539	0.12693041899767002	0.1380184145804404	0.04962948151816405	0.0411361750837583	0.09101027924957483	0.06137060815570934	0.05785427433087008	0.12693747968390368	0.1427048653720144	0.3390625	0.13699502175292902	0.08156028368794328	0.12916020469211958	0.05569748401078221	0.27588891925732817	0.038020263603781274	0.14509617845205416	0.0524424549104216	0.11400341763448375	0.06760942393094904	0.06040771384289985	0.10864790544337441	0.25563909774436094	0.08036957380515579	0.05841243941994632
R308	238938	0.19130417620588933	0.0899536911463079	0.0864077324055713	0.10365711836589332	0.09211866042561405	0.12220569935010313	0.0852366499195082	0	0.07097852084250976	0.08783699411860195	0.10861335425516981	0.08290832247147098	0.11769380449734743	0.0906655798873607	0.0954030268684579	0.07558255548411408	0.12293322356336567	0.11280671633901963	0.09874314378787737	0.0816934327194908	0.1249833279531752	0.1257837991204426	0.08626782173090859	0.22955147302217807	0.10347971547410934	0.14120246793062943	0.12412033463188697	0.15899462469183379	0.11017288133211792	0.13018999598899605	0.12147791155518123	0.11862757426280193	0.1364098196219497	0.1061528621682123	0.08744333773155444	0.104754080983676	0.09851372147231942	0.07888801277536471	0.10900126549826261	0.06624991095400806	0.09276790906882414	0.09848262139271814	0.08878952324850609	0.09740345618056778	0.09846949854821703	0.11224801268927867	0.09642051515204503	0.08782868438355146	0.10324719375419589	0.10470881354945345	0.1043685896143966	0.10999167242816665	0.10415949201976087	0.08990140375877921	0.1013168238993711	0.10778053812829758	0.09119686503254361	0.1396572218628838	0.08542238757492542	0.06295691296091346	0.10527978604596486	0.13491988829143745	0.0797379240949992	0.13286059256293484	0.08811877463813907	0.11093372861227936	0.12529481132075465	0.12172209785737127	0.11645978152929493	0.09209940019617319	0.17310302701235242	0.142238464775199	0.14297573608366496	0.1415073702400246	0.14484387931200396	0.10122747492917725	0.13967347715838846	0.1797778454047474	0.2114905023254968	0.09163028223920162	0.11669373325521465	0.16237623762376235	0.2139213558190015	0.11492067962076408	0.17468789217499794	0.10090140118006499	0.18805643106947023	0.2131905918975755	0.15357037405848534	0.1729556907215089	0.1819548757403675	0.08816357531180041	0.11464690416005428	0.17739042845911948	0.0907714039874171	0.09005482564457175	0.14390891758866317	0.11170750458361905	0.10070849187706003	0.1198511825671007	0.16764182442435502	0.12186270228078408	0.14942256642313456	0.09783251306202058	0.10575372493229794	0.1662128422534267	0.12399663237532864	0.1287277213352685	0.16675665749399754	0.1870024863152407	0.33906249999999993	0.17817793692328882	0.14242941255185335	0.14691252144082334	0.11653427398899337	0.34077625102543063	0.10650176476320822	0.14231558795036217	0.08198296900831868	0.14049897307234005	0.1361839077675781	0.12901047294489232	0.14082377821101674	0.2607284721237055	0.156089336668636	0.11022751097741766
R309	238939	0.17398370297720855	0.060190397978380314	0.06061331441726565	0.06617430760323614	0.03728096170692625	0.06305080598536547	0.03096744007852213	0.07097852084250976	0	0.06173325077232214	0.08555503282914023	0.04304663196909022	0.06674196556843597	0.04048968210800117	0.045335040103515425	0.07285546415981195	0.09447469731814687	0.050900373787666736	0.0411428308066296	0.023142899703258567	0.08407513552063384	0.10811027848483448	0.03590544317748327	0.18225709281569794	0.07673153597221097	0.07714680288738834	0.07444527269642702	0.1254581473425902	0.07270847647546065	0.0794511111008079	0.06668338876557807	0.10285855581387889	0.08699832821410364	0.054410506827060806	0.03737535096661198	0.054686094218733536	0.04844573470737695	0.033766594639136734	0.05735537428799601	0.014369400446750086	0.058028137901225636	0.05593932186330384	0.039065197891527	0.05140714970717285	0.050842519823741314	0.0577486150413124	0.05401252971287709	0.04508086269866116	0.05941115808585815	0.053291864580818124	0.04743684029017884	0.059680117226520904	0.06104747934516653	0.04505518905132869	0.056766310121371455	0.06055344228712776	0.03794892049197856	0.10548177641946926	0.058889839003033434	0.015411406497962982	0.10634046113663105	0.07342268367871017	0.029963552905896057	0.09401328257103587	0.05200368461588997	0.08214189809281829	0.09359376244920721	0.09442103337028987	0.10784588353203133	0.046517450024571444	0.1646221545590394	0.1008773585773816	0.1252441497323155	0.09748407916148367	0.10350931522520829	0.05048723207189265	0.10839204127879584	0.13372838817624091	0.19150988904968647	0.04032275588326903	0.0604497172789165	0.1578347668246228	0.16873272094103844	0.06223240026463171	0.1333066586213676	0.03959212600984734	0.13321494526587813	0.17106753707866468	0.10926599590271868	0.13907182079839225	0.167050215057839	0.04091461498104675	0.0482795239380812	0.13337724445373983	0.039838326542707414	0.03758257930679477	0.1101363323778327	0.05394330404934316	0.05453950286167673	0.07463629378053033	0.13386923921352462	0.10563900517114011	0.11233106765565717	0.05557564380320616	0.044007013639636085	0.10471563764069944	0.05813761515608001	0.06320417251460189	0.13298407228316714	0.14703605463989597	0.3390625	0.15483280769206165	0.08845075213695491	0.11259466780939179	0.06868027400551377	0.3060364798578323	0.04461950642233044	0.1317848410757946	0.03137673950920024	0.09894606204717125	0.07750079291382037	0.06589379648215886	0.10200790581781842	0.25563909774436094	0.09459213205590873	0.0590302104100587
R311	238941	0.15975823966874256	0.06433899924397274	0.0675160701808165	0.07621633000076805	0.057888572745588916	0.05706260882547665	0.0514382173111773	0.08783699411860195	0.06173325077232214	0	0.07667213031861457	0.06746890992761442	0.06540414096636205	0.06116654841582169	0.06699581942862669	0.08086559641101691	0.09105034079973885	0.07248714975609219	0.061122669424602157	0.05952055099850016	0.07870480391346565	0.1353152487439645	0.05848224582601701	0.18400966015302986	0.07484411440702156	0.11417042113337184	0.09335598569576362	0.14870288450002128	0.08879443330128065	0.09347319191626072	0.0987334618558478	0.10413292190368344	0.10039160829545547	0.05054549125621151	0.05663238960648099	0.06939032612278988	0.06615434763610815	0.08304713075230992	0.059787060257160116	0.06044326589603593	0.08189064646573672	0.08208923044041529	0.0701417362323942	0.06291263334671132	0.06893862638241739	0.07911052628287531	0.08670455379528602	0.06993860840622144	0.07040229766759232	0.07580348072456747	0.08388986794880314	0.09228311193864264	0.09098941437124543	0.06818131533270212	0.07327342543569382	0.07437574823489781	0.0602293967043275	0.12629099276152475	0.08822598803350287	0.0571976158390258	0.10470258602027498	0.10400705614279782	0.06162379177686339	0.12038427599314432	0.04568158860541038	0.08896765686037002	0.07694097452018529	0.13087406102891416	0.10612075771825326	0.10370922999775407	0.18225499018389532	0.1538482945767799	0.15807060988428237	0.1437451494446395	0.1492758570588138	0.08694025973051694	0.1339787979131519	0.1404214968368168	0.2017745409687378	0.0878611942176108	0.09508577469707459	0.16237623762376233	0.1991168988870213	0.09868542792325603	0.16497193081823894	0.07617836958463586	0.142514618200322	0.18651670355672917	0.15261702612873304	0.17552484845701655	0.18355790010259176	0.0837502383649845	0.08436564553231973	0.16767446710236053	0.06976972644972726	0.06802124732762535	0.13632361065253393	0.09039633170796747	0.11008110067575515	0.11595084792895911	0.1579253005847517	0.14001369909671685	0.1610323962247154	0.04831981998109206	0.08762579778471072	0.13707888895530032	0.0886173609928017	0.08452438697415532	0.15498917935783207	0.18250728569074165	0.3410100237149791	0.13767359200545867	0.12319585451370799	0.15852235124240419	0.10513330166413805	0.3117563591632378	0.08450988630473368	0.14676350608981564	0.07517426678166324	0.1521088028739209	0.10748194597484653	0.09733041882776425	0.1434292132070596	0.26827741093302415	0.12901230784741932	0.10483089335833853
R312	238942	0.17779880672511394	0.06556590632064316	0.06639587325132087	0.07157185996691502	0.07165358497221976	0.06415157123567576	0.0695860246764394	0.10861335425516981	0.08555503282914023	0.07667213031861457	0	0.060072405793314035	0.045753932392865744	0.04621188885800273	0.0543451071180269	0.08643571695869076	0.0323004104434109	0.06202705624471308	0.05855730015262035	0.0649311334863353	0.0659164788963323	0.11374646047166602	0.05683609291344665	0.18340272588164128	0.07079317349943172	0.0767660204326483	0.07074569933182327	0.12599178053719165	0.06435361749780366	0.0710502470852765	0.0770526946079984	0.07134078861098703	0.06583282669874423	0.05830353766287344	0.06521868914986408	0.05154719126446913	0.0682562084425662	0.10254161854875266	0.06086336200299421	0.07636424326721734	0.07801363714186141	0.07087237463209276	0.07673648756885493	0.06540850125618958	0.06008592794638833	0.052241977452996254	0.08375427125885344	0.06876600272669836	0.07217811406636594	0.06979303482656266	0.08708590822430055	0.08380114473818479	0.08604924878957423	0.0738506907726646	0.07603849729546987	0.06099384240800819	0.056202182820261716	0.11046524541173951	0.09188498128731822	0.07014362633117724	0.0960898055645075	0.08897082644746916	0.0785752598986819	0.11421763665678478	0.06515717654823025	0.09118225481669529	0.07621281271129142	0.11691792438775633	0.12741895306216863	0.11590369243425229	0.1812545906479685	0.1725130412257796	0.16871155526971085	0.15556831171868699	0.17299221861357653	0.0912873339449012	0.12552622357777743	0.12039630090078306	0.18326224646253536	0.09904363569309166	0.09756284495855241	0.18495839441956358	0.20089034087849358	0.08940137042979823	0.1616752177544446	0.08613293231763411	0.1370721759863103	0.17266609701583746	0.14993638047319321	0.1566974383936245	0.19684646540236445	0.1026199418984426	0.10339043064433802	0.16556486998535044	0.07536210182194016	0.0909681438923285	0.17041796223876046	0.09045862796663383	0.10714298939892962	0.14250117847041674	0.17761217664199982	0.16335301793024856	0.17990446993960515	0.04865782081075782	0.10665058289672898	0.11908860957351551	0.06951335462099853	0.06450965829302548	0.17865692030082983	0.159977193999737	0.3343295723461799	0.1500323260439338	0.11072748982204769	0.18338582912619417	0.1108165281240664	0.310343908927889	0.09880174376293181	0.1600703243948283	0.08846333603222112	0.17501977864652893	0.10085267341410464	0.11577280160127243	0.1696642664554196	0.2556390977443609	0.09741083136372014	0.11469587277817143
R313	238943	0.17118919475691968	0.058444018223275995	0.03750147845005065	0.05808841315871209	0.037293257273581334	0.06515355422607333	0.031657673724463924	0.08290832247147098	0.04304663196909022	0.06746890992761442	0.060072405793314035	0	0.04900060801882345	0.023049559144609814	0.02915968428188385	0.06096746161720722	0.07903597516457823	0.05356083026286862	0.04845175523502168	0.024507093960267057	0.08143350732768012	0.09567436784130379	0.02081745092535732	0.19640332802508387	0.06331290605240922	0.07951760668615458	0.06383468403909279	0.12757384052933432	0.057666168257617445	0.06986408962727271	0.06011097369967855	0.09257491518723923	0.08210423821367376	0.05451094498739982	0.02599593320873333	0.04777455615141087	0.03995858088763105	0.05783131404191943	0.05597725116747885	0.032162410507897275	0.03319927460359853	0.03433582153267764	0.030046093446530784	0.04615425552044339	0.04558962563701184	0.050927923917698334	0.04008082248492106	0.027431347942166825	0.0557497613480529	0.05865353521773744	0.04629488377886538	0.05921578083429089	0.0519854963662527	0.04104036200286794	0.05862862849293286	0.0554694548809063	0.02481940290995519	0.10187341372244775	0.05024265900503697	0.031807294176879455	0.08812844580348056	0.0768461824559062	0.032730094539870705	0.1052411395450991	0.04737975016115875	0.06555297532348453	0.09489520071937245	0.09153135161266014	0.10400116439020773	0.06852345481777597	0.15586801787287238	0.12039987595548314	0.13496802647938697	0.10871067947523641	0.12087905334328009	0.04550238598184649	0.10926284203236317	0.1347657520876261	0.17795970867688973	0.06400051624884269	0.06216826183250754	0.16237623762376235	0.174679694195531	0.06183136481134079	0.12885665716067507	0.044800965732282594	0.14898427303908082	0.17631739841655666	0.10660991382085781	0.13614564451509883	0.16867330762165572	0.0555385562891631	0.060400700744683115	0.1289272429930473	0.03169866326536973	0.06484890631665209	0.12303772462228418	0.0508556565994409	0.060478113335905345	0.09434928080575412	0.13549233177734138	0.11501313033927006	0.1277913046693088	0.05931422187630876	0.05850643771575501	0.11212950520650936	0.05917834819706252	0.06701943556931088	0.13061115770339798	0.1464452243129824	0.3390625	0.15574810591817953	0.09386799019506047	0.13127266385589778	0.05998032972930222	0.28944755708849845	0.054259988032959554	0.13567319626800628	0.052895526764434826	0.12290661337623256	0.08872864988788358	0.08593222614344673	0.11755110118512323	0.2556390977443609	0.09312987379775957	0.06731563516169514
R314	238944	0.141602147691328	0.07119028295207327	0.04800726383786927	0.05910216275739603	0.05657415713222657	0.02973684945068843	0.05337476255211909	0.11769380449734743	0.06674196556843597	0.06540414096636205	0.045753932392865744	0.04900060801882345	0	0.04266678662930696	0.04048610224785092	0.09184157392609908	0.049655905637534935	0.053597424728136375	0.05513144223187685	0.05279148822548372	0.05364231233428431	0.09478927516075664	0.04593620840664076	0.17326041499952505	0.040512905799899565	0.06584267826469226	0.051537100236336224	0.10905458058379791	0.06842735808560638	0.04401825019842626	0.0722662104147989	0.08037342928026124	0.06691265430963649	0.03401625021841693	0.05062653117391614	0.05004460464988375	0.04907810546277829	0.09191109614175921	0.034343098030762555	0.0620926468056526	0.06616539913022941	0.06060762685188907	0.06433978858793807	0.048916692670515224	0.04768922896547148	0.03830602174849291	0.07827158106693514	0.05798484306059006	0.0471661927287201	0.05438529694306559	0.0796791906172691	0.07426247593044016	0.07651057998182963	0.06740298492967206	0.06649982848772527	0.04803268940558979	0.04406253755941014	0.08711319870799714	0.0776133848257535	0.05735010076214517	0.08133745436447833	0.07615588449683615	0.06430366343711716	0.09534171727399728	0.0481603569312458	0.05271133166201214	0.06199029178718881	0.09461773583055627	0.08648590622889644	0.10636502362650765	0.1579025439442261	0.15824144476421487	0.1707750692167649	0.14602964291094248	0.15872062215201177	0.08388061633786975	0.10217417687403503	0.11700103834458209	0.17847024244032947	0.09040646838412371	0.08516614597763557	0.18921795910214764	0.18661874441692877	0.07986270162205363	0.15401144642734788	0.07373623333671726	0.12179415353277313	0.15549336701729452	0.14551933011595053	0.13732081633751494	0.18257486894079974	0.09338012509789476	0.09125078538348641	0.1531681710044336	0.06623046248294324	0.08334007793187143	0.1608792934310159	0.0824321122273471	0.1032204378895213	0.1321908496144858	0.1680735078342552	0.15137748679956917	0.16607497898947493	0.04933523184048024	0.09451093763587738	0.10082256375694242	0.06169714782167448	0.05462493966761568	0.16845272651212964	0.14625096049238373	0.3390625	0.11360831579825036	0.09436995260120047	0.16911423266462944	0.09867688286321481	0.27627574094915014	0.09139502615590034	0.17199077276882394	0.08094899702164476	0.16074818218496426	0.07750062671036229	0.09709591879609532	0.1553926699938549	0.2556390977443609	0.08719342238799196	0.10598031734804476
R315	238945	0.1749864850362954	0.052151377975981635	0.038175455638661364	0.05893664237235896	0.04152844910225662	0.06517719312458328	0.033401620566023714	0.0906655798873607	0.04048968210800117	0.06116654841582169	0.04621188885800273	0.023049559144609814	0.04266678662930696	0	0.028447276736783267	0.05368477353878965	0.06444969522351121	0.038185484446900064	0.032948828683458144	0.021950203138585235	0.06579972615538182	0.10138249598416729	0.021408531753567495	0.18234370909740147	0.0629009086291984	0.07897846605592057	0.06537856025124109	0.11734426614621268	0.05867736201148563	0.06422678536580032	0.05957062656661623	0.08945461758122761	0.07367162161983304	0.05023867269127091	0.032502650959230286	0.04772557475815613	0.04457729057283816	0.0586129160711281	0.054990119420755754	0.034062892365137085	0.05015906788347792	0.048070251845556106	0.033962416445443566	0.042642213808291245	0.04202704229078586	0.049856101389152446	0.04758032123203456	0.03721179268091342	0.057914439178804795	0.05699097973425911	0.05009043773417791	0.061485584771033996	0.06191439834546545	0.03638747966196	0.0547698706708841	0.05203615957250495	0.02140096984441531	0.09564731893104633	0.0559802579948277	0.028735021844971335	0.09767275174726235	0.07162142660527321	0.03673671571526533	0.09784614308505411	0.04780168495538888	0.07963623314967691	0.08608397654083297	0.09707463081428891	0.11378851102176123	0.07557126936693338	0.1656249366181263	0.12744769050464058	0.13747688914613374	0.11523588865136815	0.12792686789243746	0.05314082951589171	0.10467860268509187	0.11358917825447563	0.17336307828284667	0.05685391227951534	0.0612483566505375	0.1623762376237624	0.1792186460779416	0.06557447754009983	0.1341052979929886	0.043141634263606114	0.13946360599380897	0.16665152559984545	0.10691336419848099	0.13982524214857173	0.17321225950406635	0.06258637083832047	0.06040950029658793	0.13417588382536083	0.04070137394439123	0.057452261215302954	0.13008553917144156	0.04539327724549478	0.06436778595826448	0.10139709535491151	0.14003128365975195	0.11814997659210073	0.13483911921846614	0.05050299769776925	0.0636696525489789	0.10327945874067508	0.04291331698025648	0.05185283324253276	0.13359156957969073	0.1487078554761164	0.33906250000000004	0.1499399465265603	0.0946127965831823	0.13832047840505515	0.06783559777631631	0.30353081491469086	0.06055374106900187	0.13889174788465597	0.05242417168328305	0.12995442792538991	0.08000505252141912	0.07863582279619816	0.1245989157342806	0.2556390977443609	0.08984947255818777	0.07513903226114632
R316	238946	0.14748214734538784	0.04990399833794983	0.042544036185168846	0.05114158523826969	0.01730847785419285	0.04963935841728579	0.018158162331532772	0.0954030268684579	0.045335040103515425	0.06699581942862669	0.0543451071180269	0.02915968428188385	0.04048610224785092	0.028447276736783267	0	0.07050103183533822	0.0671693138322963	0.03832853538371745	0.045718828377704274	0.02868183759628027	0.07540741386993674	0.07758442041499511	0.014875146992587381	0.1849606348025541	0.04601538094324195	0.07080256576523046	0.05128785306270658	0.11725724486488273	0.05620620247747813	0.0614472039886762	0.05728500625104305	0.08207596905531357	0.07625602018441922	0.0441597292926873	0.02126497246168088	0.028678926077385553	0.017021795928400824	0.06962031851286965	0.046613509899407185	0.0326590715560354	0.02652279172623731	0.022690584156664924	0.025459720007925377	0.018643529550208357	0.019169578510233688	0.029085940909148497	0.05560589735948414	0.02072083792716283	0.04916454702354631	0.038728881428257284	0.05140488358575236	0.04177630421421564	0.040853287543242134	0.04498407381155805	0.045432126030624305	0.0414800992734302	0.01793244144978827	0.07560508890926425	0.038117752451102396	0.03505932313325563	0.08893475556729744	0.05358613270773188	0.024808031062466068	0.08537189172470032	0.04634794100574277	0.05118895641289364	0.08090584511189636	0.07642241121159489	0.08628417333085363	0.07160003045339251	0.1406976891984646	0.11874581238956378	0.1488577159727116	0.12222694458372475	0.11922498977736072	0.04646157626033933	0.08496932212827352	0.1242932862190813	0.17908580623496792	0.06852860438629792	0.04628607739762291	0.17174806703285173	0.17367256637168144	0.045865196983281495	0.1151313778473352	0.034856164756704576	0.12237125114214327	0.15527684648849882	0.1070521751670016	0.1201159615917534	0.15350297894724796	0.05388449272324369	0.0507646831356355	0.1241762674224578	0.041474552041664135	0.06692247820261069	0.13335252619728338	0.043349393483759775	0.06314724927273414	0.10281068033643558	0.12857787545960417	0.12949962280174337	0.14058761838451372	0.04705293035128132	0.054024835388026465	0.08551648330957184	0.04624988737751919	0.04485278608317476	0.1289570941374786	0.14258466859179206	0.3390625	0.13665053105996827	0.08156028368794327	0.134044026358514	0.0581907806153639	0.2750835381779076	0.05090892390804945	0.1503155589345728	0.062488635079148966	0.12125254981031316	0.06211562799094604	0.062398234772186006	0.11589703761920384	0.255639097744361	0.06980858461849938	0.06566157159577575
R317	238947	0.1953141516994528	0.08222266847690855	0.07311762195884015	0.09129929294408108	0.0797608350038018	0.10984787392829089	0.07287882449769595	0.07558255548411408	0.07285546415981195	0.08086559641101691	0.08643571695869076	0.06096746161720722	0.09184157392609908	0.05368477353878965	0.07050103183533822	0	0.09983780195477118	0.07443185988482234	0.0598206271028615	0.06497697739708924	0.09666992952962407	0.11119536502831705	0.06568375963224686	0.19605314696847884	0.0882105837307949	0.10829168594273512	0.10441820838751305	0.14824700379193367	0.08614542872340669	0.11048786974462216	0.08856712956728692	0.11702014238465645	0.10431263268209826	0.09379503674640009	0.0750855123097422	0.09239625556186377	0.08615589605050719	0.07996223277344588	0.09664344007645037	0.07285546415981192	0.08090617038181891	0.0788173543438971	0.06551116333725034	0.07770132993619387	0.07867893438026047	0.09254588644490472	0.07404008150472267	0.0681265581391775	0.09088936833238365	0.09235098812764123	0.07880210844906398	0.09005466210507218	0.09126981264832149	0.07285546415981196	0.08689531923227584	0.09542271270648535	0.07046331267571002	0.13792295968415025	0.05040328141981542	0.0682887124843479	0.10707761804876798	0.10935340712610479	0.07285546415981195	0.12616203592590403	0.07710246131298767	0.11236423139597324	0.12056587837837837	0.12368051544543807	0.11004313810377885	0.10062433201889003	0.1864015250784097	0.14632536264695614	0.14320192408739593	0.14066025146577552	0.1461909590799498	0.0796462943692995	0.12309943748142635	0.14063435806072563	0.1747524123884787	0.08438298161618316	0.08378295126732035	0.16237623762376235	0.19619526221103753	0.09067529567205107	0.14961749774447233	0.07304906938067585	0.16248994990413762	0.19914773443798311	0.1285140417442938	0.16281648707679103	0.18272810590244104	0.08463622059790074	0.09443462163349423	0.15232003402859387	0.0751458513977102	0.08093496410136514	0.1404190507247242	0.07500176584282073	0.09318891715047513	0.11860166581155551	0.1499151683335468	0.1301551891816658	0.15001565335748476	0.08527172523120456	0.09307410495657399	0.14064636108809406	0.07798647027412844	0.09036124016993584	0.14392508113297336	0.1757824451074001	0.3390625	0.18455951114641772	0.11686293138652064	0.15015489798098489	0.09444256089464452	0.3362588131609871	0.09009374052481285	0.13772851729160857	0.07724856137506551	0.14902390489505687	0.11061742660224548	0.10344399177955968	0.1403443152281955	0.26109707288196987	0.1231785546807417	0.10174599537947453
