R297	238927	0	0.19179399305177727	0.20388756996436144	0.18262474458254735	0.22094280159922056	0.24125685904309188	0.20909844969084204	0.22807068581840573	0.2335260106182739	0.23005496291938737	0.27675440425309894	0.26185390145117693	0.22337726451555354	0.26400177291876364	0.22441017595778717	0.34963013589469055	0.30826460202633005	0.2402365976578046	0.24931601386543512	0.22714495327292375	0.24090275761084032	0.2816651024936795	0.21958797109635048	0.31911409954196174	0.15985973266528836	0.2744084265895904	0.20810760949447313	0.25104540630161987	0.21896471343674084	0.23656623834247464	0.22296785419895404	0.2810186755177489	0.26204232695627516	0.23608706179782243	0.2135219143631481	0.24465281796981253	0.20775929135182974	0.22224537487753276	0.2592281573000856	0.20902958895520915	0.2514074098818579	0.2260245382615024	0.22623322908417975	0.22460383194870379	0.204070562173986	0.25398859257737183	0.24807979012384504	0.2282873190519531	0.1868197188856381	0.19630305941719778	0.18696135056919028	0.17143872206806668	0.18986730895757736	0.18124974884616157	0.17435473734123036	0.17881531728368125	0.22879966209108138	0.25161150603408017	0.27925749829460034	0.21816043983293015	0.25240635974342146	0.23269023254474158	0.20869194713037506	0.2746175292171865	0.2288022492216488	0.16135408430260745	0.2587681853493168	0.19386719530403188	0.23779638801620945	0.19955594712528307	0.32510471031205646	0.396347695772349	0.4491467726105121	0.3811830242405222	0.3979794684980396	0.18661876513010373	0.3018817516382542	0.4382437071675311	0.594295063310127	0.26322453293835363	0.23965522371032522	0.4340190924291932	0.5480147941409065	0.18930731484398355	0.41716894125517856	0.23991976519134942	0.2528064033623463	0.31771481910066396	0.4104437203405714	0.2922291972802441	0.32802229629720864	0.22875062709552804	0.2492971001069462	0.5062623478431546	0.21905769821199828	0.22013865939241123	0.3719308734926372	0.2424650561516488	0.2647583881474677	0.38672288946757694	0.31684660131131237	0.4064575342711045	0.4259511145489334	0.22667184362393727	0.24746372013809145	0.16700013068674335	0.28789493062808774	0.23971867650070017	0.43665100254541894	0.33268281494375274	0.6322032916672787	0.2761273949129623	0.21659629974615568	0.43692891499920117	0.2584215142002208	0.32434522168711366	0.20450624308453969	0.4135479022699533	0.266471648628665	0.39135642533383774	0.23356816593541513	0.25193716973107405	0.3841434372753594	0.5351051168533129	0.23904475593146804	0.1964018284702448
R301	238931	0.19179399305177727	0	0.17622669292065743	0.017837905951883157	0.15190213924060453	0.1620114880463889	0.15190213924060456	0.1974078617772632	0.15202872255337757	0.17972378353970708	0.22801822622772655	0.16590053528155907	0.17268534748741896	0.15895391212371796	0.15190213924060456	0.2935955817386024	0.2607752385326721	0.18658004054186772	0.19929338581644335	0.15190213924060456	0.2183362332775273	0.26719451241052655	0.1519021392406045	0.2520092862806812	0.18308587323074144	0.17833221630878987	0.07796335125936198	0.2308067314920569	0.08137378227534692	0.09124326730809369	0.08230726125443999	0.138759479994558	0.16924278726556757	0.1527041436899137	0.15190213924060453	0.15190213924060456	0.15190213924060458	0.15190213924060456	0.1719036184670298	0.15190213924060453	0.17197437365060572	0.15863179039407832	0.15484568958352202	0.15348444818892001	0.15328242356578414	0.16428061416029624	0.15104623207557477	0.1570009107040324	0.048678441808865665	0.0386481346320132	0.04679964639113183	0.040880875287863654	0.052071438960898796	0.03557004166246095	0.0382037211601312	0.034167723444626916	0.15190213924060458	0.2341382357769075	0.19567463413941225	0.15190213924060447	0.17433576090595482	0.1603257421019553	0.15190213924060453	0.2648166911076549	0.1519021392406045	0.16271077683952379	0.16733684585750808	0.18468923560361258	0.23259934216273237	0.07072323218228951	0.32379436097108555	0.3135281658213114	0.38653978462241867	0.26335453683672444	0.32379898168446286	0.05400975700400352	0.3013319944995965	0.3813909635775053	0.5476316473746461	0.17469260501059156	0.16729073326753882	0.4340190924291931	0.4864074642169053	0.025060310750333166	0.35113940482087874	0.1634136667934016	0.15937557672461203	0.31170537520327857	0.3409852447145273	0.28077590770818917	0.3959746968461585	0.1610381024673618	0.17693260966415988	0.4439122621431574	0.16105393919442146	0.08659736351847105	0.28060508668538553	0.1701005657088625	0.19704586351930145	0.3249566558321787	0.20576202929862844	0.39655336482333375	0.3343618727891996	0.16514852931958512	0.17509922969530511	0.05679677794158231	0.19494822728749397	0.1941420899371069	0.3824468854040543	0.22945368039028635	0.5716228735482359	0.3071475187369294	0.09357990097169405	0.3773856902117332	0.19070898957205462	0.21957902658933748	0.13214175264175343	0.3186893473069163	0.16689776697649317	0.3084432093001786	0.16120367549262876	0.18418105833623186	0.3065762043132869	0.479956855304701	0.11521968076363691	0.0746784285442554
R302	238932	0.20388756996436144	0.17622669292065743	0	0.17061095997474957	0.15290304174859873	0.16439092480550624	0.15264658932033412	0.16786447688031514	0.16210367719074267	0.18453280945116762	0.17725558198274255	0.12187495676810335	0.1223369237268459	0.09377828222566537	0.11247760938852167	0.23248559215701062	0.19506550623549151	0.09941944102081053	0.12095493396275502	0.1144429172512162	0.17386242817849137	0.20843912984825924	0.10564492581140567	0.34615824610031243	0.04402783729907308	0.2626734423765895	0.20758299933073904	0.283207962889879	0.2102343535388544	0.24309121224658906	0.2123717239460156	0.28687480899233975	0.2678087280962132	0.1575131696013742	0.15264658932033412	0.16086203173903071	0.15264658932033415	0.15995583907211164	0.19204792062716275	0.15264658932033406	0.15866485570419472	0.15636571299653668	0.15931719697118046	0.15829347410038058	0.13512449314552222	0.1759905554770491	0.17205994478276945	0.155433415375142	0.16022950712320214	0.18613086612881252	0.1752865593299754	0.1664005457959908	0.16947147450035696	0.16303768503604577	0.17514586774858779	0.15695127636895262	0.12252481812057374	0.19378707483193008	0.16114971601894187	0.1188370892685853	0.15264658932033412	0.17040069673932046	0.1526465893203341	0.24760936438446565	0.1526465893203341	0.12096712712319754	0.18255070191217712	0.1387601743637882	0.19971676413017528	0.18475626184546173	0.28716338080447507	0.2741548833808217	0.3532305931732859	0.3652318184757405	0.3152489451528938	0.17233357019274134	0.249364082030947	0.3287584930025407	0.4990288819131355	0.1409565440330644	0.17826692016926146	0.4340190924291931	0.48640746421690517	0.17656258485286278	0.3796674250919968	0.17348862143076668	0.27182396860597907	0.3339557942658296	0.25956053639462606	0.24702177930947322	0.3557451981174527	0.16404584101612776	0.187007564301525	0.4439122621431574	0.16450918077113932	0.2021796388080626	0.3872552979282189	0.09893613735812753	0.10027963939918952	0.3483020977779467	0.32001460888641975	0.3277071378478392	0.29397025453716125	0.15572468428594657	0.18517418433267024	0.19130933537769562	0.12309056340940337	0.11107824667380944	0.3291751249158327	0.34519941829891354	0.6305106609050921	0.27015918678511014	0.22378044983427303	0.3484435338431547	0.1548551578034994	0.3146168683666992	0.18168186209707865	0.4220348604752496	0.17505157807857216	0.29825818608922167	0.17507285460252955	0.198320588805328	0.29802616778171775	0.4799568553047009	0.2362109504651417	0.19368217495514595
R303	238933	0.18262474458254735	0.017837905951883157	0.17061095997474957	0	0.1544675354909484	0.1597789265824276	0.15446753549094847	0.20220581949156838	0.15822680071432493	0.18344022402411198	0.2337105407045241	0.16391748424625466	0.17723379477306725	0.16515199028466537	0.15446753549094847	0.29359558173860234	0.26077523853267204	0.18913120522257076	0.2069942250736944	0.15446753549094847	0.22651736247377907	0.2671945124105265	0.15446753549094844	0.26019041547693295	0.17382322680458934	0.18135585962134404	0.08118099548374431	0.23080673149205685	0.08508155708261206	0.09341166431997397	0.08601503606170509	0.13875947999455795	0.17323212444847594	0.1564205841743186	0.15446753549094847	0.156985155262613	0.1544675354909485	0.15607896259569387	0.17590449614336157	0.15446753549094844	0.16667908444152657	0.15446753549094838	0.15544032049476272	0.15720088867332488	0.15796750850616997	0.16568073460693833	0.14906318104027036	0.1544675354909485	0.04509975670572551	0.03954129843481459	0.05382393491704342	0.04472950207662825	0.055605716902601285	0.04407819312429791	0.048295898642758656	0.04159193873629702	0.1544675354909485	0.23857302614115175	0.19004466962386354	0.15446753549094838	0.16872002796004698	0.16652382026290266	0.15446753549094847	0.26481669110765477	0.1544675354909484	0.15709504389361595	0.17073424890909536	0.1827061845683082	0.22928292768644834	0.07359900018831127	0.3188428430016117	0.3126961590200679	0.38653978462241867	0.2633545368367244	0.3181690171689142	0.05644974876378601	0.3013319944995965	0.3813909635775053	0.547631647374646	0.18089068317153892	0.17348881142848624	0.4340190924291931	0.48640746421690517	0.02376919982777436	0.3511394048208787	0.16961174495434894	0.1675567059208638	0.3198865043995302	0.3358423011692118	0.28077590770818917	0.39034473233060973	0.16016896453971005	0.18313068782510722	0.4439122621431575	0.15542397467887276	0.09522512425049745	0.2806050866853855	0.1762986438698099	0.19506281248399707	0.3249566558321787	0.2015551183996964	0.3965533648233338	0.3391598305035048	0.16971702092364738	0.18129730785625248	0.059619952004841104	0.19828084261406415	0.19669325461781	0.38244688540405425	0.23304699836572826	0.5716228735482359	0.31532864793318116	0.08954474932368715	0.3773856902117331	0.18872593853675015	0.2051768860621639	0.1383398308027008	0.3186893473069163	0.1711747016021544	0.3076112024989351	0.16828244652844182	0.19153018073124028	0.30429540467736876	0.4799568553047009	0.114252983739497	0.07683105219506456
R304	238934	0.22094280159922056	0.15190213924060453	0.15290304174859873	0.1544675354909484	0	0.09762785818897418	0.036524722681720266	0.18722768672837653	0.051595511701894234	0.09363486154813402	0.2547137860472289	0.1104593589009691	0.16267722619445216	0.14578127722847736	0.08016557707586844	0.29359558173860234	0.2883687300685155	0.1689220755764205	0.19635203549234356	0.07925159703714371	0.2116442868598368	0.26719451241052655	0.07304944536344044	0.3151417460025691	0.16199275489832277	0.2837669166533924	0.18893340356488442	0.3328677677606832	0.196007704830522	0.22477939075090772	0.19551210441827538	0.27708882678251096	0.25088862951283464	0.11299741572294392	0.04037606837060184	0.1196284070081176	0.03652472268172033	0.08257435778635835	0.13589824728275285	0.07304944536344049	0.09223532521285417	0.09437043014268125	0.08909909734663012	0.09048194168257291	0.10956009093393893	0.14163282387404985	0.1636826944481857	0.09361942683378584	0.14393084055821495	0.16332606526673207	0.13144504979529864	0.12207385350420254	0.11857231934216106	0.12203837238144942	0.13541727384445162	0.12341219833363598	0.08090630585530133	0.2341382357769075	0.18444187937810771	0.07304944536344044	0.1326521499187418	0.09054710035416216	0.07304944536344049	0.2648166911076548	0.11041704514335152	0.09055002938005026	0.11500947913271348	0.1288745250315498	0.19455407744590084	0.1338199216482008	0.3188428430016118	0.29098545899263245	0.3865397846224187	0.3652318184757405	0.3126814235634048	0.12529544363103357	0.30133199449959647	0.3813909635775053	0.5476316473746459	0.11651252724830073	0.10464259462585754	0.4340190924291932	0.4602923866591649	0.15342399752495467	0.3796674250919968	0.09606564968256809	0.27044089194297116	0.3359059163322719	0.3358423011692119	0.30459127151356746	0.38031853699279655	0.09795140713725918	0.07182966842849095	0.4439122621431574	0.1220105165827778	0.16909773166344433	0.38725529792821894	0.10569009266308937	0.13395916818919887	0.31621685677157113	0.31343568904631414	0.39655336482333375	0.33303579126428107	0.1543416076229387	0.0753826057024767	0.1374481569433921	0.18412620830241228	0.17487769305050013	0.3824468854040542	0.3768788804960502	0.6305106609050919	0.30045557231923886	0.21092431182643098	0.3773856902117331	0.12807654846491504	0.3044227197421673	0.07153946924967186	0.42203486047524946	0.13381891660105547	0.2778633452713989	0.10865226916506224	0.0873141568607352	0.29096773275340304	0.4799568553047009	0.21736252830784888	0.12931411556767336
R305	238935	0.24125685904309188	0.1620114880463889	0.16439092480550624	0.1597789265824276	0.09762785818897418	0	0.0916215392246705	0.20751721058304762	0.07660337739551554	0.09468486475695016	0.22400029371716856	0.1573710377890899	0.13408452089582418	0.15713327717446582	0.12905316552358465	0.29359558173860245	0.23957962565954763	0.14119704512953896	0.13886056921495848	0.12926316095877743	0.17948684285334568	0.2671945124105266	0.12301043969828394	0.253846924797747	0.16093432345382794	0.23186336799996485	0.18893340356488447	0.33286776776068333	0.19600770483052204	0.19893195153071272	0.19231652614143172	0.252404109104627	0.24960311217860004	0.07364378769191965	0.12161793811596297	0.07629718083210377	0.12277364155478092	0.1371315556239918	0.10730554198412486	0.12161793811596294	0.16135153597806398	0.14449091202017617	0.14365629518426354	0.13464921193151944	0.14388630195967442	0.1151543749790048	0.17540047825698257	0.14192773470873546	0.12308042270575925	0.13535517996828328	0.16062710431904784	0.15892510327589318	0.16972344509868365	0.14863115023378534	0.15678357502536897	0.1370833850119877	0.12815907600066692	0.23413823577690765	0.18693745585270938	0.12188052876750803	0.15430824490686687	0.14153955948393246	0.12375707453525626	0.2383505033156797	0.10285116129818883	0.14268326084043584	0.11667035473331414	0.1761597381111434	0.19610856439750504	0.18499071831399638	0.31884284300161186	0.312983983356801	0.3865397846224187	0.3652318184757407	0.3131454504141681	0.1647110925717658	0.30133199449959663	0.35785169139414624	0.547631647374646	0.16370899988762178	0.16239537074033472	0.40542638713056517	0.4602923866591651	0.17200264011034105	0.379667425091997	0.15189013263535608	0.23828344793648007	0.28529039123777794	0.33584230116921193	0.3045912715135675	0.3853211655758636	0.12179511264483207	0.1297372256589011	0.4439122621431575	0.15297618704341642	0.12679135674859043	0.38725529792821894	0.16024729050072276	0.18851636602683225	0.3162168567715712	0.32133344595537217	0.3965533648233338	0.344471221594984	0.09728440006463254	0.13329016293288687	0.16007190765429036	0.1555335030037843	0.14463916824263043	0.38244688540405425	0.3768788804960503	0.6305106609050921	0.2393349914610404	0.21092431182643104	0.3773856902117331	0.1821794920795853	0.3064251204827625	0.12944702648008202	0.4220348604752496	0.13041785106374784	0.30789902683566805	0.152654942930388	0.11544493670108832	0.30458322901410173	0.4799568553047009	0.21736252830784888	0.18387131340530677
R306	238936	0.20909844969084204	0.15190213924060456	0.15264658932033412	0.15446753549094847	0.036524722681720266	0.0916215392246705	0	0.18722768672837659	0.03529982995651646	0.08692904152472479	0.2547137860472289	0.1405761298636697	0.16267722619445218	0.14578127722847736	0.0748791116928325	0.2935955817386025	0.2883687300685155	0.1685353012662084	0.19635203549234362	0.05556639850571765	0.21125751254962474	0.26719451241052655	0.05259278507834653	0.314754971692357	0.15776931659127835	0.2837669166533924	0.18893340356488447	0.3328677677606833	0.196007704830522	0.22477939075090766	0.19142428712565282	0.277088826782511	0.2765832898197356	0.11115528763113179	0.043837120687187064	0.1147830377682242	0.04522945140243554	0.053948216709567065	0.16514034913465814	0.03767595203802224	0.12678336761143294	0.08508071898784356	0.08078456475230898	0.0892650314186658	0.10956009093393895	0.14134329081562505	0.1589795509138044	0.08783918277366262	0.14393084055821492	0.16332606526673213	0.12261395856497068	0.12207385350420259	0.1473024496671245	0.12049196569174299	0.13541727384445165	0.12236337141817975	0.07064101862624937	0.23413823577690757	0.18444187937810771	0.04930808435737249	0.11822153509506159	0.061336595627554676	0.03751989492363588	0.2648166911076548	0.0979562429777486	0.06933045098573663	0.11362753258058572	0.11707600628560076	0.19455407744590084	0.12208866897109978	0.3188428430016118	0.2909854589926325	0.3865397846224187	0.36523181847574054	0.3126814235634048	0.11923083306023159	0.30133199449959647	0.3813909635775053	0.547631647374646	0.10190610422203379	0.09642038851496189	0.4340190924291932	0.460292386659165	0.1534239975249547	0.3796674250919969	0.08967825443538759	0.2700541176327591	0.33590591633227196	0.3358423011692118	0.30459127151356746	0.38031853699279655	0.07346257241249482	0.04965744777975414	0.4439122621431574	0.15129797779743262	0.16909773166344436	0.3872552979282189	0.08899029913194179	0.10606867242403821	0.3162168567715711	0.31343568904631414	0.39655336482333375	0.33303579126428107	0.15395483331272666	0.049508318105913024	0.13423297072711765	0.18412620830241233	0.17449091874028802	0.38244688540405425	0.3768788804960502	0.630510660905092	0.30006879800902675	0.21092431182643098	0.3773856902117332	0.11603440721358839	0.28927258279864215	0.046223837448688326	0.4220348604752495	0.1249878253707275	0.27786334527139894	0.10274018865966873	0.07995717448982946	0.29096773275340304	0.4799568553047009	0.21736252830784888	0.1177223823535206
R308	238938	0.22807068581840573	0.1974078617772632	0.16786447688031514	0.20220581949156838	0.18722768672837653	0.20751721058304762	0.18722768672837659	0	0.18722768672837656	0.19739241623158776	0.28458511790765423	0.1917420476011547	0.21789100035317996	0.20177921832412862	0.1872276867283766	0.21038642053785353	0.30837139896141563	0.22345704015418769	0.2281132191052269	0.1872276867283766	0.23940879027633463	0.17935602275555956	0.18722768672837653	0.34238718212073616	0.16345318491965946	0.29812785964773625	0.2265915612893281	0.276900657208008	0.22818478018690047	0.25102851183144725	0.23508838676795044	0.29181622914743305	0.3020226915055788	0.190259073468567	0.18722768672837656	0.19478898639478534	0.1872276867283766	0.1872276867283766	0.21412876994004146	0.18722768672837656	0.18722768672837647	0.18722768672837653	0.18722768672837667	0.1872276867283765	0.18748477177993983	0.20834857150091093	0.20180764455594938	0.1872276867283766	0.1997749231368753	0.20774304613111444	0.19909938698433832	0.18921305593164556	0.19694108477639174	0.18722768672837653	0.19096204320620905	0.19516472430140663	0.1872276867283766	0.20027446120568643	0.16667766969321243	0.1872276867283765	0.13175120249279115	0.19421352439368342	0.18722768672837659	0.21750007408139135	0.18722768672837653	0.1441264163695632	0.2100437072282732	0.13670672628434813	0.14141016684937358	0.20856908949982472	0.2696620744556645	0.3234040523031972	0.38653978462241867	0.3740324677995851	0.33629259620313756	0.1961463978471043	0.24963263365087723	0.38636958109270103	0.547631647374646	0.20858038730231965	0.20117851555926694	0.4340190924291931	0.48640746421690517	0.20794914213896462	0.3806606718788996	0.19730144908512967	0.30185155627842514	0.3005473905728739	0.3546848114007099	0.24822603445545602	0.34051544777988924	0.18785866867049072	0.21082039195588792	0.4439122621431574	0.2158832314264539	0.20873935976882121	0.3872552979282189	0.2039883480005906	0.21542617074201437	0.3483020977779468	0.33442219826223557	0.35322618811569034	0.3411952517224034	0.20308558703387447	0.20898701198703318	0.22366735140155747	0.23566212674902487	0.2345167030578777	0.3867045201812778	0.3378052375867938	0.630510660905092	0.26638420652688993	0.24311834834268503	0.37738569021173324	0.21094764114992723	0.36151421812381695	0.2054946897514416	0.4220348604752496	0.1988644057329351	0.31569445750659286	0.19509145778435688	0.21346046158001578	0.3178608655452752	0.479956855304701	0.2654108103257247	0.2174950026095089
R309	238939	0.2335260106182739	0.15202872255337757	0.16210367719074267	0.15822680071432493	0.051595511701894234	0.07660337739551554	0.03529982995651646	0.18722768672837656	0	0.10433186664460206	0.2547137860472289	0.14268252948248725	0.13977920053804735	0.1457812772284773	0.08745306298186332	0.29359558173860234	0.2633739486621963	0.14058084650329233	0.16452708609052918	0.0673893042944893	0.17901652242743543	0.2671945124105265	0.07411627920383539	0.28251398157016777	0.17119339034046677	0.2571317272897063	0.18893340356488433	0.33286776776068316	0.1960077048305219	0.19893195153071253	0.19368375566378357	0.27708882678251096	0.27658328981973557	0.09094807921201366	0.07142667154587841	0.11904170370533781	0.07576793199354245	0.06933296002992322	0.13557647065256528	0.06705678274803548	0.1303705206266305	0.10166261915930483	0.08973835042643755	0.09987851494223415	0.11235071170133455	0.11198971542371282	0.16185434569369384	0.09846133989489485	0.1225616276638026	0.13298459619449826	0.12961670104080675	0.1220738535042025	0.1473024496671244	0.12049196569174292	0.13541727384445157	0.12751577223996982	0.08287939389171524	0.2341382357769075	0.18444187937810758	0.06705678274803543	0.14002443660639394	0.07535380229661316	0.06705678274803549	0.26481669110765477	0.08670420916056618	0.10076075438900464	0.12506272708318938	0.13042874985396732	0.1976955105595019	0.12266053374679514	0.31884284300161175	0.29098545899263234	0.3865397846224186	0.3652318184757405	0.31268142356340467	0.12346709487654173	0.3013319944995964	0.38139096357750524	0.5476316473746458	0.09942997651543592	0.10532826828705258	0.4011953901792746	0.46029238665916483	0.15342399752495461	0.37966742509199675	0.09476938850953329	0.2395478158930666	0.30979647157949997	0.3358423011692118	0.30459127151356746	0.3803185369927965	0.08256217126219288	0.06859639024248768	0.4439122621431573	0.1512979777974326	0.1380162385926757	0.38725529792821894	0.09995952577084719	0.12197929467196507	0.3162168567715711	0.31343568904631414	0.3965533648233337	0.33303579126428096	0.12171384319053737	0.06870575477935895	0.14071645741008054	0.15521228661528982	0.14499330848917688	0.38244688540405425	0.3768788804960502	0.630510660905092	0.2703375886208568	0.2109243118264309	0.3773856902117331	0.12963077328733255	0.31179500642981944	0.06530604164119998	0.4220348604752494	0.09916686559664507	0.2778633452713989	0.11223078055948882	0.057569769910830994	0.2909677327534029	0.47995685530470084	0.21736252830784877	0.12655208907325294
R311	238941	0.23005496291938737	0.17972378353970708	0.18453280945116762	0.18344022402411198	0.09363486154813402	0.09468486475695016	0.08692904152472479	0.19739241623158776	0.10433186664460206	0	0.24711950303271232	0.17712225928719663	0.1902763799840313	0.1765222518185739	0.13061489620556846	0.2947585757505045	0.28257453092289053	0.18465448884269703	0.18002679476085792	0.12848385935277315	0.19974272092362516	0.2853281072772403	0.12457217038026774	0.31369728807401037	0.17393821603806647	0.2791194754977449	0.21716524740367463	0.34009262414260355	0.2280656081559796	0.24665248381855323	0.2281234854684929	0.27128132274250777	0.2962273804835316	0.12468430286948191	0.11979429621732356	0.127108120378441	0.1193260524118223	0.13869328630597558	0.16043932051820844	0.11935754801639803	0.17227393131052843	0.1471668392902953	0.14521802586624732	0.1298900835817494	0.1477422274067669	0.1742442049242674	0.19629407549840325	0.1434894653907192	0.17319251825498874	0.18484806840772441	0.16935006092761146	0.1669684863096249	0.18242392827279538	0.15590924344404553	0.156534031502557	0.15602357938385353	0.1284671208269427	0.25436888383502837	0.20841783465111444	0.12343898572045846	0.16056760958618072	0.13480403457462767	0.121242141170843	0.2518143462087722	0.13195555941633938	0.13559609112243776	0.14380446297523802	0.18167093417916383	0.2067305425592227	0.1857570842493236	0.32876771509561725	0.3145047019681441	0.39427521246632613	0.3841971973027962	0.32948221474104383	0.1696980174308073	0.30445850350854187	0.35983287483998594	0.5476316473746461	0.16221424232814274	0.15913512996173323	0.4340190924291931	0.46702815643897994	0.18998377874708658	0.3908254013821108	0.15218457820218528	0.26614770592697795	0.34092639919859813	0.3538490445143588	0.31970756586918314	0.382768169852141	0.12450466625974575	0.1289398072949047	0.4513907876989684	0.17525215152956905	0.15087547456270653	0.3872552979282189	0.16180902118270657	0.19007809670881604	0.32311153026278333	0.32385733917148835	0.3965533648233338	0.3455923735583368	0.13314822564464646	0.13249274456889046	0.19024456609100615	0.208593794722431	0.19142066663033688	0.3824468854040542	0.3889856498851212	0.6305106609050919	0.29706507395799936	0.23288224570876015	0.3820573548550151	0.18374122276156915	0.3310301836861193	0.12864960811608564	0.4220348604752495	0.16643029765127298	0.30425346153793115	0.15588704059991212	0.13300567860579723	0.3089615152102221	0.48023355670912676	0.24633451050537172	0.18543304408729055
R312	238942	0.27675440425309894	0.22801822622772655	0.17725558198274255	0.2337105407045241	0.2547137860472289	0.22400029371716856	0.2547137860472289	0.28458511790765423	0.2547137860472289	0.24711950303271232	0	0.16499580176960316	0.1262111196535914	0.12397674317842393	0.18352103389193922	0.20674391170500261	0.08517025887089483	0.1330667025060614	0.11073329158619143	0.21696056329534644	0.14883754397877877	0.22822586881706225	0.21696056329534635	0.2976269473202114	0.16814742366968632	0.15288173773931113	0.1977397141770948	0.24820826576111285	0.2023343444292413	0.17004822684161622	0.20467575821562864	0.19322589794503373	0.1691231669662147	0.2261750321635984	0.25471378604722894	0.1931184278828437	0.254713786047229	0.25471378604722894	0.22547168419532373	0.2547137860472289	0.2388325504924003	0.2254899672358729	0.2217038664253166	0.22124913080185324	0.1909792112052597	0.1955246456855341	0.21317695631315978	0.22385908754582692	0.23355529862333807	0.22846760946934833	0.22947440862717916	0.23273768192178132	0.24046509504020555	0.2280781572487089	0.2311309930325914	0.2280182262277266	0.19167963702811738	0.23013138020338514	0.248114451767609	0.22090428599548018	0.2746585929931251	0.2547137860472289	0.2547137860472289	0.2559229145599732	0.22898930093090972	0.263033608926694	0.25471378604722894	0.28217468203723434	0.2842311476362562	0.24903665119317994	0.3572153258206438	0.3614970086281633	0.34967825398884306	0.36081934622684286	0.3904206780121652	0.23651138601713106	0.26514104952458006	0.29646953932440956	0.4744097609303249	0.2224355569310366	0.2212491308018533	0.4340190924291931	0.48671445981923717	0.23701688815192393	0.34252879161418215	0.2212491308018533	0.2243186504973242	0.2625355936456092	0.2925791882757214	0.27671508826020524	0.45520902379321	0.2231417485532952	0.2624287843364874	0.4104476068977817	0.18375726624934027	0.20441697150312288	0.38207214244315607	0.18593622079084063	0.21039270388182532	0.32914308404895404	0.372339170636765	0.3690070890428077	0.37367580689673285	0.1638055445286415	0.2605954043676326	0.22801822622772652	0.16360817475497083	0.13619420642162494	0.36641025258746635	0.32929915722222364	0.6038151010855898	0.2572132356104957	0.2483549479061694	0.38987225118553887	0.24143669383286295	0.36211144209550106	0.2304075223125387	0.36187464541037134	0.254713786047229	0.3856003113365633	0.2547137860472289	0.2650688539606152	0.38228451351499704	0.47995685530470084	0.19536883949867012	0.2487126110311469
R313	238943	0.26185390145117693	0.16590053528155907	0.12187495676810335	0.16391748424625466	0.1104593589009691	0.1573710377890899	0.1405761298636697	0.1917420476011547	0.14268252948248725	0.17712225928719663	0.16499580176960316	0	0.08713984976892526	0.05680058114450467	0.06569701817083717	0.2257903717086708	0.21593492956563187	0.11809632755067276	0.1722493116408839	0.09900305903556592	0.16174919739244287	0.2354402751503238	0.09900305903556583	0.33436115474297673	0.13525924364661668	0.2487649398172848	0.16078393113729564	0.30200492359170006	0.16326360215078684	0.16816458913252533	0.16091274645987882	0.24208684994640334	0.2277593130584064	0.12015305657395486	0.10790275287083105	0.14365623717949383	0.10652461052765977	0.1405761298636697	0.15561290159121177	0.14057612986366969	0.08102547386900408	0.10557415302756197	0.10601954850634528	0.1158809471003019	0.11567892247716606	0.12582589224220292	0.12474596923876873	0.1055741530275621	0.15872174792871682	0.1743337747714768	0.15241466159743802	0.14818855735614686	0.1278016123077183	0.14296447154727257	0.15826363970944743	0.14691789654396842	0.07613117186474025	0.21366944567173105	0.15756871912968934	0.1067666298119209	0.15048228920630294	0.14752879900678306	0.14057612986366969	0.26749173522426656	0.1405761298636697	0.14057612986366977	0.17966362890966098	0.15936483018572334	0.23327294146308317	0.1689349804850419	0.3188428430016119	0.2677399862983136	0.32478079572744384	0.3652318184757407	0.3128980440893	0.14946167246020395	0.24762358662232528	0.3454341313827014	0.4966327258584064	0.12411824942524396	0.12505295489330986	0.4340190924291932	0.4864074642169054	0.16241459243193312	0.34466544825588924	0.11762120207374185	0.2896603006833789	0.2930394427580939	0.25954265066058385	0.27870124150661	0.3850737592509957	0.14117394328359037	0.16413566656898762	0.40891028530704987	0.12628913406699152	0.18577382661380643	0.387255297928219	0.11577560453758941	0.13014838727330838	0.34830209777794685	0.317663707822826	0.3593866000449759	0.29397025453716125	0.1735610163633464	0.16230228660013285	0.17632190892716107	0.12605212807631805	0.1281993715113619	0.35413970843870374	0.37687888049605023	0.6305106609050923	0.2897254181961982	0.2119833584769373	0.3484435338431549	0.13310492846210037	0.318407496286285	0.1588099643645413	0.38745471036226126	0.15306937354925487	0.2918432890067137	0.15686086616268557	0.18010860036548407	0.295675266718124	0.479956855304701	0.18941188227169833	0.17081027722260855
R314	238944	0.22337726451555354	0.17268534748741896	0.1223369237268459	0.17723379477306725	0.16267722619445216	0.13408452089582418	0.16267722619445218	0.21789100035317996	0.13977920053804735	0.1902763799840313	0.1262111196535914	0.08713984976892526	0	0.07764098193139678	0.09240753183908437	0.2270999920958976	0.1677219337992765	0.06899695423772574	0.10357365265398985	0.12720613614886433	0.0843022857636926	0.23544027515032367	0.12434830200061515	0.288800962158115	0.11502897137235961	0.19642166450833556	0.15762532345256455	0.27490382558061527	0.16855724982626724	0.13886362644856132	0.17168478892190073	0.2451480566209801	0.2170142939894513	0.1042473019489263	0.16267722619445218	0.1682727938675667	0.16267722619445224	0.16736660120064753	0.14029193099280696	0.1626772261944522	0.15750457356211456	0.14186284759792894	0.14102823076201632	0.13209627447171346	0.10421433650753419	0.11104682575485078	0.17193962828095097	0.13929967028648818	0.14426536600920004	0.15283243291703696	0.18993981005833144	0.18304735215184526	0.19142696654987426	0.1762946843859317	0.1782695635358694	0.16436203849748857	0.10066138084502929	0.2048883221810213	0.1808373786399508	0.12886772614270342	0.18840833934071588	0.1778114588678564	0.1626772261944522	0.2648166911076549	0.13580872224943463	0.17678335527428485	0.16539850819897145	0.205472443850427	0.23015784126570935	0.21350805930662345	0.3238719401324598	0.30490062432906956	0.3247807957274437	0.3652318184757405	0.3338242937130715	0.1940237983110495	0.24762358662232517	0.3454341313827013	0.49663272585840634	0.1538493975826556	0.15494533485750223	0.40428385364796193	0.486407464216905	0.1964231479156369	0.347726654930466	0.14895861339777178	0.21070201444474443	0.2541662508762684	0.27079312952053375	0.27870124150660985	0.39861263949411624	0.1818213107141762	0.19441832643006093	0.4119714919816264	0.14425091499219533	0.1759084458771296	0.3872552979282189	0.15123107204616945	0.1795001475722789	0.3483020977779468	0.3424383461571737	0.35938660004497586	0.31651608717127927	0.11498280311342	0.195777231961114	0.18597675320062845	0.10267084301133968	0.06964100055385387	0.3541397084387038	0.3768788804960502	0.6305106609050922	0.21430458457471555	0.21845412342657805	0.3484435338431549	0.17921254212680401	0.3301514251464791	0.19193409550830912	0.3900940903137186	0.1579457364420763	0.32900392703746956	0.17868939225852987	0.17170904581137833	0.32568812921590323	0.47995685530470084	0.1951782840172368	0.21318401914459045
R315	238945	0.26400177291876364	0.15895391212371796	0.09377828222566537	0.16515199028466537	0.14578127722847736	0.15713327717446582	0.14578127722847736	0.20177921832412862	0.1457812772284773	0.1765222518185739	0.12397674317842393	0.05680058114450467	0.07764098193139678	0	0.07180392554422699	0.1967629394444279	0.17695116731113825	0.07573052695237437	0.12380274333233872	0.10209989626552822	0.14225533878238664	0.23544027515032376	0.10126519833702517	0.3192814477405723	0.10884109164066784	0.2512291472585674	0.15901749092413453	0.30200492359170006	0.16478686417105817	0.16411406643546228	0.16484474148357148	0.244551057387686	0.2455199602178085	0.11892634293316479	0.14578127722847736	0.1457812772284774	0.14578127722847742	0.1457812772284774	0.17535613560558858	0.14578127722847736	0.1358679869233409	0.12252540366681344	0.11873930285625711	0.11774514707296176	0.11754312244982588	0.1239113185917598	0.13993903058528923	0.1208945239767675	0.1614484184163693	0.1698024261210505	0.15853621159596387	0.1556662644480405	0.16581240499122626	0.1508822676486013	0.1576636322408247	0.14578127722847734	0.07957190885558701	0.2048883221810215	0.16201124794049707	0.11197177717672857	0.17076714357351505	0.1471531072067148	0.1457812772284774	0.26481669110765493	0.1479027652634651	0.15914215950708402	0.1701647610721325	0.17828323261762433	0.23885378062795917	0.18210446084425594	0.3188428430016119	0.27663884666721933	0.32478079572744384	0.3652318184757407	0.3173405729001078	0.1626201998486819	0.24762358662232542	0.3200088115077688	0.47440976093032505	0.11770895450045875	0.12294473716184043	0.4340190924291932	0.48640746421690545	0.1659909223666525	0.3471296556971718	0.11770326250333595	0.2745805936809744	0.28042394319697206	0.22702276699980103	0.27870124150660996	0.3895162880618034	0.15540073799676385	0.16375997476891935	0.41137449274833243	0.1548432828473576	0.17778680373471994	0.38725529792821894	0.07927660441508663	0.10754567994119607	0.34830209777794685	0.32210623663363375	0.3593866000449759	0.2940536849218758	0.16271321181893889	0.16437363349874637	0.1676694103059063	0.07612990598074773	0.08584617711717812	0.32917512491583273	0.3768788804960503	0.6305106609050921	0.2740592695612533	0.2109243118264311	0.34844353384315485	0.1478089436644365	0.33423601909539913	0.16053049704594158	0.3894970910804245	0.15627737676094003	0.3007421493756194	0.1506800195291869	0.17392775373198535	0.30011779552893175	0.479956855304701	0.18667246843026955	0.18178042068222286
R316	238946	0.22441017595778717	0.15190213924060456	0.11247760938852167	0.15446753549094847	0.08016557707586844	0.12905316552358465	0.0748791116928325	0.1872276867283766	0.08745306298186332	0.13061489620556846	0.18352103389193922	0.06569701817083717	0.09240753183908437	0.07180392554422699	0	0.22579037170867078	0.21348961837568303	0.1279148656801577	0.15726078893306775	0.037646635939625625	0.17291172390864615	0.23544027515032373	0.033439529403407144	0.31557411839573163	0.12156732253824573	0.2503273872499852	0.15549387416147725	0.30200492359169995	0.16256817542711474	0.1913398613475004	0.15798475772224563	0.2436492973791038	0.24551996021780842	0.11444393804545466	0.07487911169283253	0.11478303776822425	0.07487911169283257	0.08295750179323964	0.16514034913465817	0.07487911169283248	0.09334383820802569	0.05809765978545655	0.05783982443861393	0.05848893460167645	0.07612056153053176	0.10790376141221782	0.12554002151039717	0.05622826522273926	0.14468933680280527	0.16332606526673213	0.12615858441226274	0.12207385350420256	0.14730244966712452	0.12049196569174303	0.13541727384445165	0.12236337141817974	0.04477320269064559	0.2048883221810214	0.15723690196354773	0.04106961164108369	0.12837983446505408	0.09136261675420597	0.07487911169283248	0.2648166911076548	0.10614472968966379	0.09194732331627975	0.1519665742075963	0.1260412840777323	0.22928292768644842	0.1346360930787124	0.31884284300161186	0.2617971997630996	0.3247807957274438	0.36523181847574054	0.31268142356340484	0.12000897824799768	0.24762358662232517	0.34543413138270135	0.4966327258584064	0.07815023988419327	0.07687267461236755	0.4340190924291932	0.48640746421690517	0.1534239975249547	0.34622789568858975	0.06636743650738892	0.27087326433613373	0.3024663869288648	0.26096318947637936	0.2787012415066099	0.3803185369927966	0.09912482098847944	0.10873753511709244	0.41047273273975016	0.18552615814509466	0.16909773166344438	0.3872552979282189	0.06603042414227484	0.09290272990665484	0.3483020977779468	0.3134356890463142	0.35938660004497586	0.2939702545371612	0.15477398001610126	0.1122904723910782	0.1397871082623897	0.10924709660957985	0.13769038515381182	0.3541397084387038	0.3768788804960502	0.6305106609050919	0.3008879447124014	0.21092431182643098	0.3484435338431548	0.0957257825567683	0.3001504042884795	0.10844733593827338	0.38859533107184224	0.12853245121801957	0.277863345271399	0.11153786598744322	0.1252941351226335	0.29096773275340304	0.479956855304701	0.18392299890444164	0.12991264780357298
R317	238947	0.34963013589469055	0.2935955817386024	0.23248559215701062	0.29359558173860234	0.29359558173860234	0.29359558173860245	0.2935955817386025	0.21038642053785353	0.29359558173860234	0.2947585757505045	0.20674391170500261	0.2257903717086708	0.2270999920958976	0.1967629394444279	0.22579037170867078	0	0.22768813996479356	0.2293007088392529	0.22930070883925288	0.25904076225742845	0.2590407622574285	0.19631604739903488	0.2590407622574285	0.31483683659195305	0.2293007088392529	0.27875919882377226	0.2603451911898445	0.3140026579813776	0.26034519118984456	0.26034519118984456	0.26034519118984467	0.27925189974941583	0.28054727805677926	0.2935955817386024	0.2935955817386024	0.2935955817386024	0.29359558173860245	0.2935955817386024	0.2935955817386024	0.2935955817386024	0.26034519118984456	0.26034519118984467	0.2603451911898447	0.26034519118984456	0.26034519118984456	0.2603451911898446	0.26034519118984456	0.26034519118984467	0.2935955817386024	0.29359558173860234	0.29359558173860245	0.29359558173860234	0.29359558173860234	0.2935955817386024	0.29359558173860234	0.2935955817386024	0.2591001866031213	0.2719651472671882	0.11789752448080487	0.2597860816868536	0.24929889445551306	0.2935955817386024	0.2935955817386024	0.30123384378429713	0.29359558173860234	0.29359558173860256	0.2935955817386024	0.3024056220857669	0.16451974824091353	0.29359558173860245	0.3713499853900439	0.36989674142919804	0.3464092290792679	0.3946236974469913	0.39536488176339474	0.2935955817386023	0.26869633674416493	0.32779381183235073	0.4744097609303249	0.25904076225742845	0.2603451911898446	0.4340190924291933	0.4919802399848182	0.29359558173860234	0.37060032311359603	0.26034519118984456	0.3230437761037391	0.3330574714508748	0.30430925558207655	0.3097403928042656	0.44451543037870267	0.2935955817386024	0.29359558173860245	0.41697740313830856	0.29359558173860245	0.29359558173860234	0.3980741088481509	0.2293007088392529	0.2315053448223097	0.35403377725725693	0.3956773637773748	0.36239578861298943	0.3775742050350876	0.29359558173860234	0.29359558173860256	0.2935955817386024	0.19795374074163402	0.2293007088392529	0.35571665917295897	0.38782265587321896	0.6305106609050924	0.3405204273550233	0.2948231088716757	0.3826873284024111	0.2613159260465376	0.41498817577301217	0.29359558173860245	0.38878446992649185	0.29359558173860245	0.3954823238244191	0.2935955817386024	0.2938345085596606	0.3860197639795402	0.479956855304701	0.27378148692684917	0.29786904958915367
