R301	238931	0.0	7.999281871561466e-05	0.0005478976443132942	0.0007170868758414609	0.00048385310960288115	0.000465622865139542	0.000610824477204454	0.00046101381264224725	0.00048562567684217736	0.00048101887963099326	0.00041853698844653405	0.00043411415383841367	0.000265510019143327	0.00012249982918209956	0.00024027255346669745	0.0002109505094613053	0.00019706296305276844	0.0006524834393668321	0.0004695518166492437	0.0006175161512215531	0.0005582263428428528	0.0004919579495648693	0.0007162212185485048	0.0004086481682604784	0.0005529201648094428	0.0005307094370411126	0.0005206364492747826	0.0005845845915577086	0.0006381943881964592	0.0005177774256752248	0.0005083590485443723	0.0002432159455242584	0.00020324074610383118	0.00018379378227562803	0.00019823757577273212	0.00019719106051717088	0.00011753770975885822	0.00015796573790137069	0.0004875810449848723	0.0003851724919775933	0.0006298322374812446	0.00046438289063719133	0.0006050920067720316	0.0003177264069949666	0.00017343927062118616	0.000649305470058511	0.00010281382891021109	0.0005760986591498447	0.0005274125003300993	0.0006381056701671078	0.0003078027334400321	0.0005547265629088727	0.0005874505440103216	0.0015949000280930724	0.0006026339735243646	0.0003159562122298325	0.0005653300659912271	0.0009674730175315017	0.0006271435659097732	0.0004932095050715217	0.0006985672655157925	0.0003902933714172138	0.0003095105085089839	0.0005099184897862138	0.0006046508025095104	0.0007115690200023116	0.0006268818342011649	0.0006574376184900045	0.0006509550042889361	0.0008202122523975777	0.0012591675927030443	0.0007238603624187257	0.0003898040956786698	0.0004918637911294662	0.0003606230095790954	0.0006162594994051417	0.0007503664098670621	0.0006349799724617384	0.0006537683156954188	0.0019477865733794446	0.002904967827972103	0.0011212354875127775	0.0011781162515685352	0.0005859981511025521	0.0006793182216840533	0.0007310402924669931	0.0011392550840306048	0.0007348469055680686	0.0005771412863938554	0.001072571965367837	0.005150207030317434	0.0013552077579022195	0.0017854350553979813	0.0013362494517159622	0.0012471412107632291	0.000851595406864883	0.0011006838276753082	0.0009091117061028649	0.0012634397698760916	0.0007404867675366611	0.0005897888306208903	0.0010449490125220226	0.0006970262529358808	0.0008966130622063337	0.00010716638342502773	0.0007034717573772129	0.0012736025666941063	0.0007080903801096253	0.002004166389806689	0.0011231361908112386	0.0024381173563653006	0.002000086133099116	0.002054381140175448	0.0005852591518964585	0.0010876443648855346	0.0010374864099428954	0.003611372436561039	0.0009587524329398823	0.0010085551214211886	0.001366932400421094	0.0006719099710183873	0.0007071143243473041	0.0016469048841274926	0.000948943043665313	0.0010061874085928444	0.0010049235316495649
R303	238933	7.999281871561466e-05	0.0	0.0005368382932979896	0.0006666789448121522	0.0004628213566269885	0.00046924625104531343	0.0005605333542170434	0.0004499243541644588	0.00047462580768933854	0.0004699702258790775	0.0004075414009602881	0.0004231011353628711	0.00023496084666077395	0.00018085421328784308	0.0001881419689996925	0.000283009436516406	0.000240953345630643	0.0006020871311843776	0.0004515463572631965	0.0006063775849445512	0.0005202028013904172	0.0005640602532059616	0.00066582491036605	0.0003976036061018308	0.0005418315237271182	0.0005196255498649599	0.0005095705873261981	0.0005533578678178837	0.000626999286355907	0.0005803258264647969	0.0004972924022638877	0.00019276648922673514	0.00019049789089726924	0.00025589517465802856	0.00018700106911073356	0.00018599322808729685	0.00018013945085850863	0.00012602060405121564	0.00047656802650932953	0.0003895661293788136	0.0006187152286686008	0.00045332605763729136	0.0005548784400320097	0.0003898215261040347	0.00024551077028108414	0.0006382183357550587	0.00010407909334287147	0.0005650780759804189	0.000516348951495449	0.0006270803913736439	0.00031300330624187253	0.0005436653083825149	0.0006595362135695166	0.001600592317383699	0.0006351553600539763	0.0002887488395445395	0.0006055455431699908	0.0009345464470789088	0.0006160683942282688	0.0004898359052615783	0.000687429228211309	0.00037912573727765425	0.0003815983494283231	0.00047986399146164116	0.0005934912087678298	0.0006611610889730027	0.0006110066594114184	0.0006463643515053078	0.0006399277986642435	0.0008090518319378236	0.0012479157026120266	0.0006734019010303093	0.0003802203441687101	0.00048070816241088074	0.0003495120575468201	0.0006050933819535376	0.0007391809264797979	0.000584509888226468	0.000642511060648905	0.0019844653954276897	0.0029770905667237287	0.0011100520085190794	0.0011668706193688752	0.0005749319773488691	0.0006681712573933217	0.0007198644426722418	0.0010888587758481503	0.0008004126711253822	0.0005897714913128041	0.001061550469621456	0.00513904399723751	0.0014273304966538447	0.0018575485525770968	0.0013250947617303422	0.001245304479573872	0.0009236750144294545	0.0011728109194904688	0.0009020039337564014	0.0012523962084447916	0.0007293070995619943	0.0006501719246257811	0.0010340307831545592	0.0007575079995498649	0.0009674237705475136	9.353918037411247e-05	0.0007363288106431927	0.0012624371899996002	0.0006577275508298131	0.0019929309821168336	0.0011203759113307546	0.0025102040513649178	0.0019888887726529202	0.0021264671577503006	0.0006519129351018402	0.0011596918183115622	0.001109588713583988	0.0036769031505300923	0.0009475638368110436	0.0009580973551623432	0.001316468821897537	0.000744008265412038	0.0007792655489246771	0.001635820323209217	0.0010210079924442572	0.0010674569355787395	0.0009521149341003004
R304	238934	0.0005478976443132942	0.0005368382932979896	0.0	0.00022278654434676674	7.420075091527445e-05	0.00021880096374912475	0.00011419908479860989	0.00019997074218687302	0.0002982081914918538	0.00011689776854440592	0.00024035463804141267	0.00016708850968692862	0.00040939327002516854	0.0005669264615355271	0.0004590739894987257	0.0006219604977359388	0.0007128896421655333	0.00022405449689079582	8.558956736926548e-05	0.00018372950039396963	8.515664595378608e-05	0.00037235287374212266	0.00018305187427660358	0.00018046600393117933	0.00013036322354706428	0.00013276685680704202	0.00017428790091027308	0.00013195219270167717	0.0001802173630489147	0.00042140226713107673	0.00016403355016429008	0.0004239606732847431	0.0003833697609682907	0.0005686916900061046	0.00042139221820546155	0.00040231321432846465	0.0004804517046219508	0.0004109071043112934	0.0001516771405292656	0.00021510273945183565	0.0001959913011803541	0.00012068507085125546	0.0002176121895868762	0.0006697834922870171	0.0005254798794838453	0.0002125390826323826	0.000572474204772559	0.0002600596836548514	0.0002206505829348804	0.0003455544746318277	0.0005054128658197461	0.00032755052665799756	0.0005550062358744997	0.0013838727123987303	0.00037393691804003376	0.0005021262028058165	0.0005398362568204526	0.0012913612563793006	0.0003158545690307091	0.00030390202542762826	0.00021205022543366867	0.0005995322064103364	0.0006328921928584216	0.0004144763740970154	0.00039996418495544646	0.000290951960690157	0.00047153156570369723	0.0003649718663132136	0.0003773181797012913	0.00041948857018729303	0.0009526563198797263	0.0003521757206661998	0.0006497684363789665	0.0008235655158351828	0.0006462576348352819	0.0001582503619517265	0.000393723110252896	0.00020644746897069099	0.0004265139138215096	0.0018572997229271775	0.002785393193181666	0.0007420636421873154	0.0008065664294690627	0.0002798311109148586	0.00024554977507842485	0.00037466175362483374	0.0007108253510818794	0.0011667741368616717	0.00039803493903105925	0.0007257924234492729	0.004716795616959686	0.0012355734812192147	0.0016943174946067443	0.001301705157379627	0.00106852542176653	0.000748766460898614	0.00100714358991908	0.0007101510114071694	0.0010009899156708199	0.0008334242385584597	0.0010993876759945026	0.0008116654787834379	0.0012067434100230072	0.0007756759794749094	0.00048673914275282587	0.0005892501791237373	0.0008399237337423596	0.00039415739686427936	0.0015703222159569857	0.0009359320970730355	0.0023802887722019902	0.0015663257628399764	0.001910581298763393	0.001032449470081584	0.0010048005545538142	0.0009701739963435774	0.0039319293631985015	0.0005249055330699211	0.000913016415641195	0.00086901704857554	0.0010773083433107255	0.0006190092711113334	0.001227860047019458	0.0008723315705224377	0.000895642623355225	0.00111538855718388
R305	238935	0.0007170868758414609	0.0006666789448121522	0.00022278654434676674	0.0	0.00023576253993220258	0.00036185372714051835	0.00011664160909454753	0.00041954841202601287	0.0004727312748374187	0.00029144859059712836	0.00041483504446204717	0.0003415938467595932	0.0005600492190895448	0.0007425279571085542	0.0005605540066633318	0.0007976360892610863	0.0008459563128011833	0.00010393841365939684	0.000280792537218302	0.00020870653270884344	0.00020659204002702666	0.0005469361157334284	0.0001852804671027682	0.0003550197203778922	0.000350717932666	0.0003084763123717225	0.0003500639363438637	0.0002456562627515807	0.0002456858805417082	0.000597092599598862	0.0003397739144522613	0.0004777591647115067	0.0005238958899824416	0.0007431944598208079	0.0005958539449552654	0.0006075834273436718	0.0006549981048863087	0.0005591287300977376	0.000326168020138945	0.0003896714528845739	0.00030347935949791836	0.00029527263869338704	0.00023358356073445154	0.000844357406403451	0.0007000116243790926	0.0003883241424534615	0.0007469642140264998	0.0004358314079610328	0.000359291098303573	0.0005236807766981162	0.0006124592901248215	0.000502137125929558	0.0007295337119356634	0.0015620138527989243	0.0005520582616797834	0.0005890987833889947	0.0006840107534820781	0.001465551771283343	0.0004903755715528795	0.0004820088793640323	0.00028790433878125073	0.0007749391596203282	0.0008074565517230131	0.0004935448318259127	0.0005394690118765444	0.0002440817681758341	0.0005746418734767384	0.0005079044343371685	0.0004850918013604982	0.00039296419981063097	0.0011268733792759778	0.0003832385116936422	0.0007607593357310714	0.0009989204440933816	0.0008223019103399101	0.0003197106800284918	0.0005678307391595801	0.00014147939659539107	0.000600648607663616	0.00199571795374122	0.0029284094899349675	0.0006835903486166378	0.000911537602906804	0.0004933819328946255	0.00028827019030125205	0.000517484376648324	0.0005589373439030377	0.0013425031865485807	0.000540934609482965	0.0009003416840297772	0.004721885439359679	0.0014101243677190104	0.0018701109936929675	0.001241950451325663	0.0012430953254582108	0.0009233187950875439	0.0011816712582751897	0.0008846994638389667	0.0011766376829137205	0.0008068694425654913	0.001273870970370366	0.0009862178129723678	0.001381252305252149	0.0009501992993796901	0.0006611173610770315	0.0006991280909810531	0.0009597880732266135	0.0004810948458700538	0.0015754432101311648	0.0011101245056106854	0.002555928907080706	0.0015715453301538966	0.002086319848828447	0.001206974064829268	0.0011793074288929154	0.0011447226256401572	0.004106359124896407	0.000575387301544276	0.0007911184128999475	0.0008663540819113609	0.0012517893876721107	0.0007935715521621689	0.0014021444293332674	0.0010481133484560412	0.0010701613797019919	0.0009934070086576041
R306	238936	0.00048385310960288115	0.0004628213566269885	7.420075091527445e-05	0.00023576253993220258	0.0	0.00016002488987696328	0.0001272044565401082	0.00018539720846537302	0.00023940945345812668	8.392037138110294e-05	0.00018154822334700454	0.00010828356348710448	0.000335796057539419	0.0005086758192928545	0.0004130206238758349	0.0005636877339601882	0.0006429312120774695	0.00023705988141615325	5.7013920784335305e-05	0.00021204835354541915	0.00014274817006101808	0.0003135693269880966	0.0002326200353675958	0.00012165243148944696	0.0001236349192657794	0.00010142455838751621	0.00011590642713814161	0.0001453815974294699	0.00020896201097329195	0.00036299407942569356	0.00010566096495155958	0.00034994667661971253	0.0003224558678503555	0.000509865233674001	0.00036276697218165456	0.000374453806624814	0.0004216392192177023	0.00033688482291687513	0.00010162915246363808	0.00015631674948484573	0.0002243469226167849	6.189564391317421e-05	0.00018957142704811413	0.0006109795711529819	0.0004666527470541164	0.00022007994367059406	0.0005138262996769149	0.00020169461728955488	0.00016188169405821753	0.0002879405972819592	0.00044665003680104066	0.00026875577340202094	0.0004961892054953862	0.0013262863471391526	0.0003163170691553685	0.0005304866308560682	0.00048164416305196205	0.0012327281769352115	0.0002570375386515956	0.00024628217654296304	0.00024044943254580218	0.0005413076300474276	0.0005740751991954761	0.00034033798866452836	0.00034173122989555264	0.0003039331809389032	0.00040320438234500087	0.00030693406473137724	0.0003186966647915965	0.0004478605574934847	0.0008940676625316275	0.0003651790448334498	0.0005915177941362938	0.0007654323205465963	0.0006218723095736657	0.00018705193232501725	0.0003649711124789949	0.00021941730951285343	0.00036792670094766165	0.0017985313721319393	0.0027265918095014012	0.0007708619778380105	0.0008349082773567996	0.0002576740035623288	0.0002739217623846166	0.0003743836784382308	0.0007238493929844499	0.0011084073477149279	0.0003392237704304793	0.0006673026580927626	0.0047451239922422705	0.001176771773516904	0.0016359315162032234	0.0013300574441156478	0.0010097442764129242	0.0006899940445036956	0.0009483610714735466	0.0006513747132551183	0.0009428461046975282	0.0008618106842752024	0.0010407604502016379	0.0007529933630064872	0.0011480076430829254	0.0007168973881127833	0.00042813129240772254	0.0005150706227068122	0.0008682738550687573	0.0003213515441589721	0.0015986793506673987	0.0008773047472559973	0.0023219164612787134	0.0015946652684816686	0.0018522089878401163	0.00097371939595762	0.0009460180361082807	0.0009113914778980438	0.0038731402946679426	0.0005532855509252776	0.0009260298418590602	0.0008832074387225841	0.0010184919758276347	0.0005602326302690809	0.0012306432931698886	0.0008139611908827044	0.0008368601049096915	0.0011283573694175497
R309	238939	0.000465622865139542	0.00046924625104531343	0.00021880096374912475	0.00036185372714051835	0.00016002488987696328	0.0	0.0002871112265891831	0.00018122605631428818	0.00019440025698823102	0.0002175075419796317	9.855377154146223e-05	0.00018280697249956404	0.00048003521690086117	0.00044159351904196956	0.0005359825334864802	0.0004419005747458578	0.0006343686963968396	0.0003528375784920169	0.00020434691285570647	0.00033714339378166394	0.0002931790436330899	0.00018815001334400322	0.0003579731737860923	9.704298400520163e-05	0.0002573761820746223	0.00021747742261678515	0.00016962833191957593	0.00029905292805865885	0.0003004487792737822	0.00024202386705092453	0.00020512339823389688	0.00041617530462313614	0.00042050951951585455	0.0003847398863798106	0.0003585252534960489	0.000372405133578771	0.00034814401669754823	0.0004248985163148946	0.0001990566591764645	9.85728639291788e-05	0.0002579097957287187	0.0001568357683004901	0.0003061512668700609	0.0004855961738896131	0.0003415837814944483	0.0002568876994928752	0.0003887969273144416	0.00018354079559984132	0.00015518696132839872	0.00020730636443092439	0.0002869012011803543	0.0002368389442032609	0.0003708357830998417	0.001210624877318083	0.00020068281546190337	0.000564045480695288	0.00032603881411601257	0.0012576004151831591	0.00027269466950085046	0.00013759321162348716	0.0002401554826457279	0.0005167925294056147	0.00044882999592392637	0.0003322111216857641	0.0004233619529156547	0.00042225387710686526	0.00047065175931555346	0.0003081284512490327	0.0003001011465490648	0.00047615405446084415	0.0009839671271203794	0.0005155922683705112	0.0005268539259055925	0.0006831345304251851	0.0005334922415058873	0.00031156747266650165	0.00046397678207404767	0.0003698729739021705	0.0002817871356213965	0.0016732518463850976	0.0025666511186841555	0.0007731148162235272	0.0008684550423696364	0.0002556394549069712	0.00035896487930777896	0.00037328462546013544	0.0008396529165756865	0.000986543625186426	0.00017925150111477642	0.000700404647316579	0.004778547267794937	0.0011390928410165355	0.0015139151572624093	0.0013289342841976725	0.0009390495682104631	0.000564572817005446	0.0008245905843864085	0.0005368603932912185	0.0009316113096910681	0.0008607453793737322	0.0009156553974958258	0.0007238222133141193	0.001022936508112434	0.0005914722279494516	0.0004368628493047914	0.0005066180283985196	0.0009017095732065632	0.00038463116681864307	0.0017123898137105737	0.0007584863648914114	0.0021998468879367104	0.0016280866301801784	0.001730148112027004	0.0008485591525964424	0.0008206927740666137	0.0007859492539808685	0.003747790687616788	0.0005868266965389619	0.0010764438577138171	0.0010432090164659072	0.0008931109563543746	0.0004348070758727618	0.0012650748073099712	0.0006919888137318744	0.0007114363465046229	0.0012788048073389263
R311	238941	0.000610824477204454	0.0005605333542170434	0.00011419908479860989	0.00011664160909454753	0.0001272044565401082	0.0002871112265891831	0.0	0.00031254199404702303	0.00036650340989494726	0.00018529424165323436	0.0003086555314559721	0.0002354291579197409	0.0004533528396898446	0.0006356078160480238	0.00048453362970485216	0.0006907019275927955	0.0007399656651710521	0.00021074552996469033	0.000174653070864919	0.00020465282199092963	0.00014832616271451534	0.00044065807536914584	0.00015660081318250076	0.00024879647241826046	0.0002437800879067841	0.00020158213197000286	0.0002430679179357927	0.00015767551564042456	0.00023134988265313244	0.0004901308383891154	0.0002328143567729151	0.00040313974900231357	0.0004493244351388837	0.0006370284639657133	0.0004897350228605286	0.000501428076998499	0.0005487720363446648	0.00045304667048192256	0.0002200070717152591	0.00028341617310846765	0.00024682049212333815	0.00018906691430371864	0.00015121221193057757	0.000738124507136122	0.000593832767430483	0.0002813212986996856	0.0006408082783940616	0.0003288081067220454	0.000259179115775849	0.0004150926356066791	0.0005437294182737061	0.00039592230454450983	0.0006233608700512878	0.0014533520735949572	0.0004434750790148852	0.0005529473687280265	0.0006084758151023779	0.0013596537357149978	0.0003842239684183431	0.00037344018640247977	0.0002628053869994446	0.0006682412584474005	0.0007012468270352098	0.000387349889544772	0.00043865612782864675	0.0002122784726486989	0.0005001416294647322	0.00043313933355677815	0.00041563760485291234	0.00046993802248230116	0.0010209862535849432	0.00026959909356062526	0.0006886075761681696	0.0008921729986322536	0.0007486852008925805	0.00021279399017944342	0.0004619998209304652	0.0001312057403281064	0.0004948669458455457	0.0018956374063218034	0.0028535803687243623	0.0007930629147723378	0.0008574074748153483	0.00038476217182651046	0.0002662552545749658	0.0004428155190295144	0.0006691842905528285	0.0012353641900281797	0.00046627422121909087	0.0007940696192883185	0.004767469155747874	0.001303799306783969	0.0017629633813223693	0.0013522423480840423	0.0011369115758659062	0.0008170756991695848	0.0010753793609654927	0.0007784735015228412	0.001069666711270004	0.0008839690676829753	0.0011675802235972454	0.0008798999775872751	0.0012750960890069562	0.0008440017754477238	0.0005549496569078505	0.0005929903782447659	0.0008608187308254127	0.0003727346329741098	0.0016210893707031561	0.001004186746582756	0.0024489542475607537	0.0016169332537757635	0.001979330710969507	0.001100599024719613	0.001073014804199143	0.0010384412305752585	0.0040001397412513405	0.0005757160953596788	0.0008289723377323639	0.0007863120068173457	0.0011456199785737948	0.0006873111053881515	0.0012961089081609477	0.0009410813174135477	0.0009638959830624677	0.0010315352133099306
R313	238943	0.00046101381264224725	0.0004499243541644588	0.00019997074218687302	0.00041954841202601287	0.00018539720846537302	0.00018122605631428818	0.00031254199404702303	0.0	0.00010270274835417688	0.00013067937378605346	0.0001031365159284818	0.00010642895027277231	0.0004108759865132565	0.0004353164992396199	0.00046369203467733845	0.0004903370886067771	0.0006027294934344198	0.0003441015100932336	0.00016171516385523571	0.00032761969968641365	0.00023981398908625747	0.0002964644926701815	0.00038129483857111496	0.00010714403860872508	0.0001769492469196153	0.00018179263570811114	0.0001716890001011197	0.00026259151016289555	0.000297723875140448	0.0003030039866989589	0.0001685786463825057	0.00040855431099578267	0.00041297853281135785	0.0004601321441641462	0.00036644358852182816	0.00032943752069034503	0.0003720111334191868	0.0003827253809605442	0.00013254902664879044	0.00010388680389354855	0.0003284710609808654	0.00016284108888318905	0.0003304122050448929	0.0005612251676240615	0.0004169334399362522	0.0003005195858398807	0.0004641749207816383	0.0002271998499311537	0.0002258185717840444	0.00031417742378975097	0.0003970302708031413	0.00024055962747732642	0.00041220385809531023	0.0013374205383655507	0.0003424728423787945	0.0006019892444754257	0.00037414466731957343	0.0012955089206869318	0.00030704368575848494	0.000247496465583378	0.0003789393337358977	0.0005277612680569856	0.0005243243129436234	0.0002932035780390195	0.0002861374058578118	0.0003274636005688903	0.00040110682251125537	0.0003119197939769884	0.00033850659225462856	0.0004512835192150198	0.0009316605361585112	0.00043917938397423564	0.0005723642241247117	0.000692204575257773	0.0005147478784501519	0.00027513171842132115	0.00042820129039519727	0.0003602059716816551	0.0003522773533521959	0.001714624515374554	0.002709464164952476	0.000790945719028146	0.0008878202338974669	0.00022813390764039074	0.00038412633465911513	0.0003778351412706353	0.0008308608134350502	0.0010350034424953995	0.0003221439475483644	0.0007710820743809027	0.0048490935050925455	0.001167256470918041	0.0015282678083743185	0.001401507484002001	0.0009619757749325071	0.0006382877614707358	0.0008497767776875428	0.0006342762346843896	0.000954901779468275	0.0009333117578155477	0.0009910990947270954	0.0007276397879955539	0.0010983598441345944	0.0006998020068134072	0.00040259997348844655	0.0005346683530140825	0.0009723336863331662	0.00040875512260322825	0.0017028480843799872	0.0007990124626745827	0.0022142371360015884	0.0016986988196887197	0.0018113925756503724	0.0009240366802608902	0.000862039498147543	0.0008278115987872994	0.0038233571451665423	0.0006574287091937227	0.0010342487515082191	0.0010672471032206429	0.0009687062864214857	0.00047870648943921216	0.0013408900099613397	0.0007063092814425347	0.0007788424372278204	0.0012364936239052278
R315	238945	0.00048562567684217736	0.00047462580768933854	0.0002982081914918538	0.0004727312748374187	0.00023940945345812668	0.00019440025698823102	0.00036650340989494726	0.00010270274835417688	0.0	0.00018299493468222004	0.00011632416776914838	0.00015327557886606074	0.00044031482357178594	0.0004401660291045522	0.0004900272954677338	0.0004805845413041121	0.0006328948370941862	0.0003964090340352048	0.00024719993506289254	0.00037993753961627875	0.00033598504668301636	0.0003097066893202218	0.00047189087228320133	0.00014021367014537984	0.00027874688706791214	0.00023885346874370875	0.0001910562005674709	0.0003204282894487932	0.0003555590396178474	0.0003218003839494707	0.00022649410322718674	0.0004325023910057038	0.0004368516952288216	0.0004449418991132872	0.0003504323744624009	0.00035419456713356684	0.0003681634752391462	0.0004066019249835132	0.0001686646951384877	0.0001445993295095543	0.0003408290610809157	0.00019977344211483748	0.00038276362995989127	0.0005460615998001495	0.00040174667481763593	0.00031842640945169875	0.0004489309998531747	0.0002450993429980774	0.00023834315620949932	0.00033031368338831094	0.000381665657351834	0.0001667623463054873	0.00032206862155704087	0.0013536074038182767	0.0003586473857442906	0.0005858824520997122	0.0002892932734826548	0.0012794784883790606	0.0003195441742926071	0.00026326599022918776	0.00039127042917823054	0.0005172028661198748	0.0005091683850642246	0.00024296117703851908	0.0002328243907376464	0.00037981405166185743	0.00035546760438219104	0.00024178903855927972	0.0002583778374467606	0.000451236913302542	0.0009756250755701084	0.00040372229144419367	0.0005618205270027751	0.0006823686654725621	0.0005387533165859412	0.0003329421688305456	0.0004658438227613804	0.00041268409314238575	0.0003647322879532661	0.0016266145594336806	0.0027227343691745873	0.0008018310943963748	0.0009002103818732224	0.0002773907814008914	0.0004363656737827928	0.00031491695703851944	0.0008716016780073366	0.0010252956657681906	0.00033533416030080086	0.0007835671844916766	0.0048614574479639815	0.001220496403127333	0.001461666305523123	0.0013853758187293648	0.0009843879220570845	0.000651560891675838	0.0008476722654873176	0.0006475510713344254	0.000972849789933508	0.000917202182527904	0.000975853465772618	0.0006884698480997774	0.0010830926071534227	0.0007130679374187096	0.00041862987653472225	0.0005879530547449477	0.000984606172376188	0.0004639061940189363	0.0017552492301328641	0.0008120923125238817	0.002147007906568912	0.0017111165650213864	0.0018302083946998967	0.0009087888046831011	0.000866632397899995	0.000821480968939374	0.0038081978509594385	0.0006697703773466589	0.0010582039454462206	0.0011226125952866761	0.0009535557312987343	0.0004918796269715172	0.001337541300047622	0.0006216688893865065	0.0007921155674329226	0.0012605350473369437
R316	238946	0.00048101887963099326	0.0004699702258790775	0.00011689776854440592	0.00029144859059712836	8.392037138110294e-05	0.0002175075419796317	0.00018529424165323436	0.00013067937378605346	0.00018299493468222004	0.0	0.00014179175850654476	6.852563015206074e-05	0.0003279193922056695	0.00048396958028064537	0.0003794668926113807	0.0005389867397769893	0.0006314251564038402	0.0002473133972088835	8.056424489795915e-05	0.00020544836841736698	0.0001529987940524584	0.0003328210233421177	0.00029063078409363735	0.000140904127843468	0.000120858179747821	7.988846262823347e-05	0.0001201554852082605	0.00014063240976390577	0.00018736557710738311	0.00034803893565426165	0.00010987741756702687	0.0003570955458718014	0.00031651134128562206	0.000500304450220088	0.00035305755251674426	0.00036474425667734926	0.00041207221417567024	0.0003440112107352122	7.198935679271699e-05	0.00014016909601391927	0.0002177396922720965	8.114009505055902e-05	0.00019998374058333038	0.0006014204691876752	0.0004570926396978287	0.00019850311107442995	0.0005041168800120047	0.00020593561439212002	0.00018112614519560235	0.00035499570282028514	0.0004370684534019821	0.0002290170019990962	0.0004564494287014804	0.0013783681102315227	0.0003833781462284912	0.0004950696075830331	0.000426747730552221	0.0012230188781369592	0.00024010878809299738	0.00028799228720616276	0.0002681807866785089	0.0005165782748199278	0.0005645103038429716	0.0003174096507357628	0.00028684248738962247	0.00023937850139397554	0.0003598924038703515	0.00026647505386320503	0.00027882085885354134	0.00038228099138737967	0.0008620285911120683	0.00031647713728795814	0.0005668115551240848	0.0007406968755405042	0.0005971497531243447	0.00016544925863345324	0.00031746332519418254	0.00022969327755893078	0.00038702095525210096	0.0017587553802206712	0.0027458417108862103	0.0007227438352890632	0.0007810145148177765	0.0003054854255476516	0.0002673268706482594	0.00030879831894492786	0.0007340716861780756	0.0010838517970117646	0.00035845713856542635	0.0006862648817126852	0.004738516112177169	0.0011960312486594639	0.0015812016468109659	0.001294647223420575	0.000998306710553217	0.0006746403644355002	0.0008931758060380829	0.0006706288376491541	0.0009265714167491974	0.0008263977490028814	0.0010310754623783598	0.0007131726856899164	0.001138374707065352	0.0007361432910796067	0.0004184051846962582	0.0005511537193765381	0.0008616517149971172	0.00040506691759703865	0.001592110439009753	0.0008349826903573617	0.002267166918540087	0.0015880978086534616	0.0018564437029944913	0.0009641068213622512	0.0009062932795197665	0.0008716667213095294	0.0038635606602408466	0.0005466788833328963	0.0009074960169767908	0.0009412919275910364	0.0010089324312236542	0.0005204927463415804	0.0012347677861168247	0.0007592259707419231	0.000815203515354322	0.0011098143177170868
R322	238952	0.00041853698844653405	0.0004075414009602881	0.00024035463804141267	0.00041483504446204717	0.00018154822334700454	9.855377154146223e-05	0.0003086555314559721	0.0001031365159284818	0.00011632416776914838	0.00014179175850654476	0.0	8.428273715051217e-05	0.00043340004509988137	0.0004149258945846323	0.0005200491317927466	0.0004375304413958525	0.0006077634087102193	0.00035030288347351156	0.00016715555457436472	0.0002999525704787069	0.000256038920206062	0.0001934389963689105	0.0004140448227392179	6.000304223267008e-05	0.00024071327701310404	0.0002007767433029912	0.00015298286112833877	0.00028240249725941925	0.00031750980071021336	0.00024759664986842263	0.00018845270720602449	0.0003836911823004083	0.00038803075337601287	0.0003598952649833914	0.00029146326638991734	0.0003053469554406105	0.0003010449976233264	0.00035777824034210294	0.00012175896773761049	4.615271297389208e-05	0.00024300371569470865	0.00011972045423627103	0.00030279705073522065	0.00046090668472516835	0.00031674814243272956	0.0002625629655026784	0.0003639980586643506	0.0001892019632135522	0.00014040477412223694	0.0002511108000270489	0.00029670596569970984	0.00016068222757827352	0.0003147053385953157	0.0012595155986152335	0.0002644836169287017	0.0005192216839433574	0.0003241131950125903	0.0012128569079714441	0.00022169752946884095	0.00016910390782234641	0.0003118218418760064	0.0004924303323924713	0.0004240264555635323	0.0002537863107476482	0.0003452799414441227	0.0003787693407723589	0.00042640141580740774	0.00026427899348946475	0.0002585568161999602	0.00041230908087778285	0.0008957431862697013	0.00041720781916574994	0.0005370605105448687	0.0006479018473357637	0.0005091652858454487	0.0002949170418672621	0.0003859780341496916	0.00033274799557867364	0.0002669944800284883	0.0016170539562680624	0.0026064692422312196	0.0007867804967262821	0.0008052247775409326	0.0002579933942859975	0.00035645616856466836	0.00033173607026215553	0.0008371292988203602	0.0009822547988879698	0.00021902337615219538	0.000685663154880549	0.004763718837955985	0.0011221001793880467	0.0014782258584827748	0.0013187078528182588	0.000885920756677003	0.0005353357175047031	0.0007913959767072358	0.000531367435858667	0.0009169545337176838	0.0008505731948683808	0.0008909707541728286	0.0006478105544025409	0.000998135800270081	0.0005967882519919467	0.0003697857502650797	0.0004894995714714413	0.000886914795121569	0.0004061032003781869	0.0016753484396683613	0.0007261644659865328	0.002164212893699865	0.0016133794302101876	0.0017558504997933337	0.0008238294317918157	0.0007646565649277789	0.0007299820213769042	0.0037230574943678523	0.0005719681248574576	0.0010094371005766759	0.0010647394578083102	0.0008683906825213058	0.0003787574686405919	0.001279040240427601	0.0006563103273067451	0.0006758903932617877	0.0012116692088693856
R325	238955	0.00043411415383841367	0.0004231011353628711	0.00016708850968692862	0.0003415938467595932	0.00010828356348710448	0.00018280697249956404	0.0002354291579197409	0.00010642895027277231	0.00015327557886606074	6.852563015206074e-05	8.428273715051217e-05	0.0	0.0003547677354471863	0.0004612120853426704	0.00044142584296378976	0.0005162247751223382	0.0006233059153474175	0.0002770606075530211	9.392559705882346e-05	0.00022670322738095234	0.000182772791851578	0.0002777011139983803	0.0003408025468187273	8.578421849973059e-05	0.00016744714865862	0.00013373073700923108	0.00012361063756193176	0.0002091492794917968	0.0002442565829425909	0.0003316491703081233	0.00011518657885154046	0.00031023246863245616	0.0003093888009379212	0.00043862600190076043	0.00029160834586115027	0.0003032995380516339	0.00035045780839335734	0.0002971343502910347	7.001818582432966e-05	8.504918667018188e-05	0.0002328676662616922	6.734131110467882e-05	0.00022954482670024378	0.0005397768475990398	0.0003954310655746815	0.0002524082775410164	0.00044265367300920364	0.00018962877416137688	0.00013038060650329852	0.0003203224252734969	0.00037543093718374337	0.00016058021153909119	0.0003879476145158062	0.00134367136657406	0.000348677106592637	0.0005036952253101238	0.00039717292803121264	0.0011973816058295738	0.00021162467987245615	0.0002532834982305726	0.00030166813539432265	0.0004938783386854741	0.0005028759929186019	0.00026366984473179657	0.0002674449054775422	0.00030393541300322995	0.0003449978675258909	0.00024314015799917863	0.00023745109516806715	0.0003887616367864957	0.0008362120792854002	0.00033292508201523773	0.0005441301182625162	0.0007180325941679552	0.000574421521617314	0.00022166382409963967	0.0003326511814407831	0.0002594895761583705	0.0003322285385254104	0.0016902640951066256	0.002690709433895414	0.0007766296425299599	0.0007923595034677681	0.00027094249544041974	0.0002832410928171269	0.00031059729457446917	0.0007638689852236128	0.001060966859785142	0.0003033031508303324	0.000675742119607843	0.004753617452893456	0.001143256231592637	0.0015514568909723006	0.001303224617538222	0.0009432119250275314	0.0006195868932870409	0.0008702770814282392	0.0006155753665006947	0.0009104603470852552	0.0008350484235927172	0.0009696464371180016	0.0006449174726811582	0.0010768148771907993	0.0006810394277742847	0.0003569181617270706	0.0005106345025297995	0.0008768011309834456	0.00038519296213485396	0.0016073066394099128	0.0008101581063113601	0.0022374425618974306	0.0016032741991296516	0.0018400816796851677	0.000902537985133275	0.0008378539028090822	0.0008064357458533368	0.0038019165569595343	0.0005618225810319757	0.0009307899593137255	0.0009914767234293718	0.000947271787242309	0.00045987405164967557	0.0012636827975013784	0.0007295038802657325	0.0007601415690441254	0.0011330297765406161
R329	238959	0.000265510019143327	0.00023496084666077395	0.00040939327002516854	0.0005600492190895448	0.000335796057539419	0.00048003521690086117	0.0004533528396898446	0.0004108759865132565	0.00044031482357178594	0.0003279193922056695	0.00043340004509988137	0.0003547677354471863	0.0	0.00019602272067033522	0.0001515742086443221	0.00025537592522837364	0.00031660156687386107	0.0005185171231425895	0.00034828195575372804	0.0005030457411081931	0.00042447266789222846	0.0005954067035073154	0.0005522171840101032	0.00040349744043792225	0.00030722425760224193	0.0002991213914811943	0.0003105055833504599	0.0003193927984771148	0.00039462682113234574	0.00048017624804955	0.00028448886635995183	0.00015180160758724952	0.00013152093477817307	0.0002939931833600666	0.00014431072523553662	0.00016058854838419206	0.0002114467167698395	0.00010897352495482814	0.00037329208311460445	0.0004208572908335133	0.0005153902258269157	0.0003501306751447004	0.0004714013163879428	0.00042115168068516967	0.000276812469761862	0.0004091293841894977	0.0002953874125342472	0.0003759120786783039	0.0004437501480598726	0.0005971767394285902	0.00034420991939816583	0.0004964643542217215	0.0006908417091291183	0.001591028150142919	0.0006255591828367964	0.0003211588650195934	0.000599147947642712	0.0010147492053399268	0.0005212016041418397	0.0004965217735730053	0.000565755115349585	0.00021896146318604667	0.00041290850711010843	0.000530926936378189	0.0004729260496084903	0.0005339558685696829	0.00041382103501750884	0.0005430159240620309	0.0005445882495457553	0.0007054098786651132	0.0011502372038379289	0.0005896989072885046	0.0002761501707522823	0.0004672220408661546	0.00033165018687264275	0.0003908405774682917	0.0006355326815907949	0.000500917433641678	0.0006492608199294849	0.002015684433153876	0.003008341904802401	0.0008751251155860548	0.0010633007895875558	0.000509846443755331	0.000564793652913915	0.0006164685828714357	0.0010049894459041343	0.0008088964525123964	0.0006209480218115564	0.0009585325824558925	0.005035648901810905	0.001458564377804053	0.0018311396510782758	0.0012215018364782392	0.0012766163550004342	0.0009548615511055529	0.0011621352367872917	0.0009331493220247817	0.0010570999100437328	0.0006763182762278539	0.0008222496760193576	0.0009838628020963774	0.0009296883032511487	0.0009987080160780394	0.00020954805370322258	0.0007874804587368627	0.0011588187876238117	0.0006204645101593553	0.0018893818953737863	0.0010850100463258557	0.0024476945952950696	0.0018853362267286402	0.0020425471426354343	0.0007554034938649344	0.0011908722024042348	0.0011407916902262919	0.003745580344635226	0.0008442257625612727	0.0008743879620462612	0.0012027975721455016	0.0008046976222188868	0.000810566445639955	0.0015117894441995638	0.0009599656117886401	0.0010986670984348584	0.0009417029456727662
R331	238961	0.00012249982918209956	0.00018085421328784308	0.0005669264615355271	0.0007425279571085542	0.0005086758192928545	0.00044159351904196956	0.0006356078160480238	0.0004353164992396199	0.0004401660291045522	0.00048396958028064537	0.0004149258945846323	0.0004612120853426704	0.00019602272067033522	0.0	0.0002573718886143071	0.00012064586116604626	0.00019288828957229252	0.0007009205899358601	0.0005181070755106334	0.0006506205634880064	0.0006067345439202424	0.0005020351819280833	0.0007346269962617451	0.00041110022973598736	0.00047356187968499586	0.0004382285757476068	0.0004075878236092077	0.0005143910327084801	0.0005502609094610265	0.0003995363718088727	0.00042597808727545534	0.0002916150271233885	0.0002813342269182003	0.00019379777668739845	0.00019453463386316953	0.00019350142027013502	0.00011809101894740286	0.0002064177360124196	0.0004931827140482306	0.00039458135934868787	0.0006261100328795596	0.0004706783902841517	0.0006536079963631318	0.00032779391925445435	0.00018346078070386598	0.0005269763779446405	0.00015230567290351572	0.00045383486750388895	0.0005238270295969872	0.0006007405028680724	0.00030420613929242087	0.000551140341870669	0.0005974574851288788	0.001557581388921783	0.0005652400069147159	0.0003303850777144823	0.000509448735059077	0.0010238393617949117	0.0006234882952366791	0.00046497647096939887	0.0006765322804103602	0.000267857926741434	0.0003195543324309686	0.0005584117279839921	0.0005832229695845523	0.0007164607277092066	0.0005566512717458728	0.0006537324518559279	0.0006472635610509035	0.000816436278215811	0.0012723204156230847	0.0007722347524954404	0.0002720071233957883	0.0003850542293050607	0.0002616117934957252	0.0005346517832158814	0.0007573723136368182	0.0006832857682458882	0.0006499406484297347	0.001944199659520654	0.0029149424675137562	0.000998858248682603	0.0011743234897607189	0.000548687919476553	0.0007070176861428743	0.0007272763692346173	0.0011875838623223438	0.0006515984390007101	0.0005734455254612419	0.0010689507645840657	0.005146515547703851	0.0013981904044379882	0.0017377414043248992	0.0013324601005402703	0.0012435302430877377	0.0008615174968084043	0.0010687687106742348	0.0009054242278709467	0.0011425926636465392	0.0007647591198639826	0.0006270896949625941	0.001041261534290104	0.0007344988907365217	0.000905349562581291	0.0001485312884117551	0.0007656236058228064	0.0012698352976288141	0.0007228136837857964	0.0020258734584812452	0.001053138240908664	0.002354339714502208	0.001996247737269449	0.0019626202422352345	0.0006014299591475616	0.0010975390242337583	0.0010474332367295437	0.003627497722754285	0.0009550451728355436	0.0010569314346725745	0.0013853392686037306	0.0006850280171061204	0.0007172161175687684	0.001622287167769289	0.0008666129631367236	0.0010053086449381102	0.0010953679072435519
