R301	238931	0.0	5.132283687843929e-05	0.0020139564516411727	0.002336819371965983	0.0018102003296644542	0.0018879268038364428	0.002028162488127965	0.0019182829065921706	0.001856063903861837	0.001631583995754407	0.0014970682887183275	0.0015414527802745759	0.0008842111089561287	0.0007489738339669837	0.000652521268794397	0.0007937027309450611	0.0009118433292850865	0.0022483366256530394	0.0018297977034242101	0.0022715961923861928	0.0019125168281141148	0.0015002186012687748	0.002545360418689345	0.0016250035786792847	0.002123365736680553	0.0019048479660122857	0.0018898862805959403	0.0020072408456674688	0.00228372273624804	0.0017812927437318654	0.0019215547575188881	0.0007471557893722074	0.00039942710238119044	0.00044999826847709614	0.00047151857617808894	0.0006566201317625641	0.0004481318455117335	0.0004768179682009313	0.0017343215368975991	0.0015501737495305396	0.0016259065366930143	0.0016511278660354914	0.0022084413267333663	0.0005283102306739857	0.0004676096169779245	0.0019777658760723204	8.085033409704854e-05	0.0019473691094175594	0.001768023404256635	0.002120344334475682	0.0010917860718833098	0.0016207467689944974	0.0016137836421126269	0.00655672266400961	0.002101799103653353	0.00045602865354504304	0.0018986259249563358	0.0022203921998368067	0.0020149942410105054	0.0014571760820584012	0.0019967808913056526	0.00113469298070035	0.0005649022951185284	0.0019811550589794898	0.002363581681197834	0.002333469757346722	0.002421165053828509	0.002338254845960431	0.0025216094773886943	0.0027058562614707352	0.004083346938809405	0.0021589002715524572	0.0017144370836894988	0.001963702352044239	0.0016879960171889215	0.0022514455492903436	0.0022370709861630816	0.001801681436613569	0.0017746910834300865	0.00598257063132294	0.007506445528434528	0.002679065509707908	0.003489718731091062	0.0024026961845265917	0.002614214578809404	0.0024328706687992323	0.0029783177619509757	0.0020054042022578707	0.0025451970643565417	0.0038732107904852426	0.01081036035991996	0.004156574423516286	0.006778027736980821	0.003535316310265133	0.005390203837999	0.0029883189962319513	0.0032604596110562822	0.0033493342593010934	0.0042855883374048505	0.0018983047832193663	0.0009219513836518259	0.0034480370877376966	0.0017306751498349174	0.0033694777901770207	0.0003522379415877381	0.002393361794685183	0.004076553915867934	0.0020718495632030287	0.0051680048843500415	0.004057336100780124	0.006576281171743718	0.005637382539050122	0.006266235559116451	0.0023566261324175957	0.004274065838234019	0.002913344704872881	0.007521185577965827	0.003113509386466478	0.002131516171105889	0.00509099256196098	0.002227509633828437	0.002431267196922861	0.0045768410885267735	0.0034824442887746035	0.003617662644886224	0.0009549219946210117
R303	238933	5.132283687843929e-05	0.0	0.0020235983939523284	0.002346425768344172	0.00181984227197561	0.0019252539289790138	0.002037799042865334	0.0019555156625101293	0.0018933674595396758	0.0016412259380655626	0.001506710231029483	0.0015510947225857315	0.0009214869155659161	0.0007862418333066533	0.000689754474117058	0.0008386644313352563	0.0009491027039924399	0.002257990193136781	0.0018394396457353658	0.002300463956108054	0.0019221587704252704	0.0015224645905813346	0.0025588131301050522	0.0016346455209904404	0.0021353604637747124	0.0019144452766777422	0.001906630883813956	0.0020168944131512103	0.002320995718158995	0.0018185835418309147	0.0019311627118017921	0.0007567464185344547	0.0004351494431715854	0.00048731980251205285	0.0005088037854827411	0.0006938970207275344	0.0004854575575147876	0.00048648016031698903	0.0017439634792087548	0.001559815691841695	0.0016632336618355855	0.001660769808346647	0.002218083269044522	0.0005732912687073947	0.0005048844832843607	0.002015093001214892	0.0001060116475137568	0.0019846962345601306	0.0018053032368491454	0.002157671459618253	0.0011291038798682542	0.0016580738941370683	0.0016587387482857137	0.006593962655985599	0.002139126228795924	0.0004933053237401404	0.0019359303856665805	0.002257639388584221	0.0020522668121560773	0.0014945032072009724	0.0020064415910755373	0.0011719679042821408	0.0006098852895036334	0.001998419902581291	0.002400855467967012	0.002343080276266182	0.002458424428535862	0.0023755158835792405	0.0025589224154977486	0.002743128393756878	0.004128323284162082	0.0021684288960447037	0.0017517091769695835	0.0020086422558561455	0.0017252830892668432	0.0022682211902908095	0.0022820466696848426	0.0018112525791648443	0.0018119474088127779	0.006027606610412485	0.007551426953527074	0.0027163794384122597	0.003526963841226129	0.0024398864223855203	0.0026515187996798396	0.002470134239429302	0.0030156081211905952	0.0020426589462098463	0.002582538634253509	0.003910397796648324	0.01084760547005503	0.00420156027858382	0.006823009162073367	0.0035726271020010006	0.005435169017328665	0.003025590840871499	0.0032977092368491785	0.0033866077901265053	0.004322846541397857	0.0019356187119237182	0.0009520593994397197	0.0034852867135305924	0.0017756495647823912	0.003406743729992486	0.00038955598815492055	0.0024029329372364586	0.004113815271765882	0.002081457637437499	0.0052052402031449885	0.004102328691895682	0.006621262596836265	0.005674616554517856	0.006311216984208997	0.0023938808763695717	0.004311305830210006	0.002950648473897393	0.007566167003058372	0.0031508414368397863	0.002141059089430649	0.005116734963021511	0.0022647592596213334	0.0024686122850451292	0.004614081080502761	0.003519684764869867	0.003654902636862212	0.0009409778041857943
R304	238934	0.0020139564516411727	0.0020235983939523284	0.0	0.0006447817221836388	0.0002644182745721335	0.0003795454818547724	0.00030716417836955336	0.0006353796479713371	0.0011779600936595725	0.0006739132725317594	0.0006928786705971485	0.0006710983839585583	0.0016173217868247422	0.0017770527033817165	0.001981120486111946	0.0018214496946509409	0.002341530989583789	0.0009524573598521466	0.000282923490919508	0.0010371103273096455	0.0003356113579073723	0.0005148330422257274	0.0006344570426221594	0.0004367126900070019	0.000443236192474707	0.0005984482281657945	0.0006024177544663398	0.0005591695007292748	0.0009057536330411612	0.0011490595439581411	0.0006259226413402741	0.0014998107263379011	0.0018670624558126006	0.00166662571747275	0.0015671120456081566	0.0013868715503451033	0.001574421198720232	0.001537168918555567	0.0006621853599673288	0.0006187544245673703	0.0004539095458794757	0.0004135568105531657	0.000912345068767589	0.0017514352830949283	0.0016265707913172712	0.000681999468279298	0.0020861042626366703	0.0007031380647578968	0.0005418058930897967	0.0009321237297791767	0.0015917811980665734	0.001136505320635753	0.0014411480656296887	0.005160007519878955	0.0009536503140828984	0.0016859170550665196	0.001565581022646406	0.003949760448533508	0.0009276939343408955	0.0007196389453335999	0.0003581731390515024	0.0018633450330265394	0.0017316142365309591	0.0016943992031698823	0.0018769682757395992	0.0011989226509492488	0.002012975943038813	0.001605454743732151	0.0016479520585339616	0.00162999725001713	0.0036380451399314396	0.0016861870271803422	0.002234525986510639	0.0027715610101178927	0.0020348416084759436	0.0009704250765229568	0.001782237957410578	0.000673221958577204	0.001126003951470658	0.005651126233765419	0.006939494621757459	0.001891317081286318	0.0030629804392163394	0.0012181610715304512	0.0013882188480633757	0.0016689888531646907	0.0019283797418070132	0.002913772399523411	0.0013189517486509117	0.00264753098499301	0.009585133701221124	0.003589058410203061	0.006319352392076991	0.0033017241382494516	0.004927723206739638	0.0019085888301842398	0.0025216899001307895	0.0021239599115594776	0.003233465995198476	0.0027110345517948903	0.002607208639241493	0.002613446443274037	0.003137878006899719	0.002144165632909873	0.0016628555737221164	0.0017082174030606774	0.002850866244168459	0.0009118349629343794	0.003942043031916408	0.0035057904375779365	0.006208601842668091	0.004411399615244614	0.00555288608902879	0.003008933791878155	0.0031914164404514894	0.0024475806266882243	0.007984050471368853	0.0021871627772067897	0.0018828970546458275	0.004088880836961269	0.003028620466992627	0.0015767021256777032	0.003198068754671659	0.0027233108289001387	0.002503550097548633	0.0026096080800840256
R305	238935	0.002336819371965983	0.002346425768344172	0.0006447817221836388	0.0	0.0006097415072850269	0.0004967178526251505	0.00040412157143512146	0.0012279214312128303	0.0015009210073936249	0.0009984511066641584	0.001016161929084275	0.000985287015367662	0.001953881475789069	0.0021136206820510255	0.00211970004142071	0.0021580081267494	0.0024897435795731148	0.0005507723425323735	0.0007826121595529488	0.0006305982840520258	0.0007610860532053262	0.0008381778429631811	0.0006741924459629816	0.0007413971080950199	0.0010608502205274966	0.0009355021922841315	0.0009394727939126092	0.0008780099977113542	0.0008137457851490003	0.001485764616168084	0.0009629621915938553	0.0016035057754978576	0.0019707153655927965	0.0019898519366553322	0.0018901898775887944	0.0019305478219671186	0.0018975589374843802	0.0018601308725405357	0.000985563688867454	0.0009236163314158171	0.000777230085755075	0.0007182780470467051	0.0007277918221610805	0.002074728008431303	0.0019498272402354282	0.0010190530323001907	0.002409026176958479	0.0010401492934104938	0.0006274795477118243	0.0012960417280437789	0.001460457385323551	0.0014598109226513258	0.0017644411861445109	0.005264154099928755	0.0013175683123475004	0.0020087780369542445	0.001677962445410845	0.004272470365049894	0.001250755448394197	0.0010835591796067294	0.00036606066685342673	0.002199896369694847	0.002054907357045781	0.0020156065122661332	0.001966042841557776	0.0013025882830997948	0.0019768004358637604	0.001709096655994768	0.0015311433197698848	0.0014920295888544274	0.003961132389194598	0.001990388729216406	0.0021693545525917584	0.003094065861160787	0.0023466191353231844	0.0013070621195704127	0.0021050897258729365	0.0009780199734471108	0.0014493373507632754	0.0057943977187806806	0.007043557097247051	0.0018381151476091085	0.0033856903557327248	0.0018062651167411324	0.0009868418055027513	0.0017726075029585457	0.0018072743612306153	0.003241808477516154	0.0011631679733524946	0.0026999711821810903	0.009637650198519261	0.0039123296778966025	0.006642993224378833	0.0031803271409204604	0.005250924453386693	0.0022311002100012384	0.0028441429014517063	0.002330044857432885	0.0034715977608563544	0.002814496970867232	0.002929834045382691	0.002935940879068895	0.003461074300570285	0.002255669579678648	0.0019857146205877457	0.002012806705745036	0.002929046609334667	0.0012752619526540212	0.003994594423595213	0.0038285620662415476	0.006531236330986443	0.00446370280764442	0.005884211174423844	0.003331366790157046	0.003462116326628384	0.00277049979269649	0.008306892567100675	0.002510472947595186	0.002187098861478893	0.004431254305592797	0.0033510423180758983	0.0018998620266963931	0.0033119435418796596	0.00305241622003527	0.0026574491500730582	0.0029139997094528303
R306	238936	0.0018102003296644542	0.00181984227197561	0.0002644182745721335	0.0006097415072850269	0.0	0.00023552364200840145	0.0002425103034505299	0.0006931095191243551	0.0009741987102157567	0.0004700797853054657	0.0004887149546928775	0.00045785042204440896	0.001409412947706932	0.0015691438642639062	0.0017743957706836417	0.0016135010554800412	0.0021336221504659795	0.0009252786520653731	0.00047446616591727926	0.0010206706118336885	0.0005513361548639327	0.0003106637844068815	0.0008426263258704627	0.0002652669133528818	0.0006992300284390013	0.00046273683981227614	0.00047021639257193034	0.0005326275361072216	0.0008852218166666354	0.0009411388217469189	0.0004726058641239672	0.0012960538317563321	0.0016633055612310318	0.0014627834860072013	0.0013633559236314377	0.0014038117178773737	0.0013706494933770988	0.001333402142302565	0.0005851695457533343	0.0003961687989261614	0.00038280756140228055	0.0002899310643689666	0.0008476384990324467	0.0015474910264778171	0.0014227554959381234	0.0005787774265797118	0.0018823481406599518	0.0005483055297259454	0.0005249763097901233	0.0007161757581247003	0.0013880243034850046	0.0009325458145330315	0.0012369785785505847	0.005131675583074503	0.000737615794317211	0.0014821538240570907	0.0013618241280648371	0.0037459940820411468	0.0008962200931911403	0.0005047234809635609	0.0003418214854327965	0.0016554361939087288	0.0015276778848853396	0.0014888897476404456	0.001673249903507692	0.0010537304921366224	0.0018051284278858696	0.0014016952547090049	0.0015575891170325732	0.001613599365168856	0.0034342408624266764	0.0014500275828878404	0.002030819967817635	0.0025677938710206797	0.0020280104438919226	0.0008322392089168337	0.001578471590918216	0.0004401826569813962	0.0009222844107421486	0.005447040135431196	0.006735411117864815	0.001683657886841167	0.0028592273319785573	0.0012272477408872245	0.0013718724068348019	0.0014652242701856924	0.001735998065183764	0.0027100060330310493	0.0013024711062442579	0.0026311396809674615	0.009568742397195577	0.0033849646617947742	0.006115268888184349	0.003098230303747715	0.004723639702846995	0.001858180937577993	0.002317937896443262	0.0021072859276335394	0.0032126882222643406	0.002693772485980725	0.002403442272749131	0.0025068988463655866	0.002933800174829744	0.0021273446235185837	0.0014590994517453973	0.0014611491278755753	0.0028344639230224174	0.0006961485622534493	0.003925641483375216	0.0033019853874683234	0.0060045080942598035	0.004394998066703423	0.005348792340620503	0.0028097486533955143	0.0031747424565255517	0.0022437763491834606	0.0077799669674762095	0.001983065060359327	0.0016532841174634928	0.0038847870885529816	0.0028248264340035066	0.001372678661843602	0.0031814197346159197	0.002519516795911019	0.002486911748607156	0.002357337392215386
R309	238939	0.0018879268038364428	0.0019252539289790138	0.0003795454818547724	0.0004967178526251505	0.00023552364200840145	0.0	0.000393857165250133	0.0007733054849809195	0.001050970398977971	0.0006099417795375839	0.0005956932180605329	0.0006145998968793757	0.001499391754613239	0.0016591313641691756	0.001665323533613506	0.0017035603653012374	0.002223582388233532	0.0007822620892058545	0.000604550054918497	0.0010467567665410683	0.0006872668540191926	0.0004036421445589117	0.0006596822655528985	0.0003998557139477734	0.0007556302169568809	0.0005368184559977982	0.0005218372824524353	0.0006394738884776957	0.0006902242251619467	0.0010311092596909015	0.000558952163542294	0.0012083047321111413	0.0015069684962279678	0.0015395140450590115	0.001440018689524616	0.00148053516499986	0.0014473122592702772	0.0014493759428743705	0.0006414272259411407	0.0005622473052035394	0.00039964325034006837	0.000425951855220155	0.0007451017285643564	0.0016241587217345058	0.0014994591189035327	0.0006087454672353462	0.00195901090655313	0.0005851831788757748	0.0005416799635434592	0.0008324014109394165	0.0012263049650842151	0.0010092458426032098	0.001313782540062887	0.00518782417325254	0.0008538667827987165	0.0015588295118094775	0.0012204574186031566	0.003822690778720482	0.000912791858455423	0.0006198564787164132	0.0001465710719475463	0.0017454106179560693	0.0016043828706918436	0.001638153149114589	0.0017498551418783476	0.0008962910426515678	0.0017038460007513904	0.0012592496946708226	0.0013297374990013952	0.0013782029860530327	0.0035109674060754058	0.0016299607784936796	0.001907850991353695	0.002644144422885402	0.0021042875827933074	0.0008838105509752286	0.0016551682875975515	0.0006169260930686135	0.0009990394899179837	0.005523696507181656	0.0065600575379688355	0.0015731409155516698	0.0029359107694033127	0.00134352360737053	0.001136363896345052	0.0013111927091120526	0.001568584249630172	0.0027876694788592617	0.0010670230110852265	0.002647612465137548	0.009585404898435824	0.0034617469805985346	0.006192017276201952	0.0029226790654800616	0.004800388090864599	0.0018747255612827343	0.0023944015201421195	0.0021238603983076746	0.0032427895189750143	0.002472034995809457	0.0024799120398825572	0.0025234333757928914	0.0030105428910246783	0.0021438851634065616	0.0015358604231284463	0.001651718172944589	0.0028510891711560826	0.0008701838666189238	0.0039423379154016214	0.003378388551156423	0.006080950263035123	0.004411467569183919	0.005429137290314674	0.002881613506248706	0.0031913169271996873	0.002320275963286281	0.007856488425947904	0.0020598520092535715	0.0018268832034006798	0.003987963674156706	0.00290129211732017	0.0014493395387254583	0.0031979692414198556	0.0025980003060893497	0.002503426898026316	0.0025532866732658104
R311	238941	0.002028162488127965	0.002037799042865334	0.00030716417836955336	0.00040412157143512146	0.0002425103034505299	0.000393857165250133	0.0	0.0009112356489895956	0.0011921796065426172	0.0006883546517151824	0.000707272911954782	0.0006764132300853528	0.0016355514476590635	0.001795327950798058	0.0019992656437305967	0.0018397387524309722	0.0021714007344906107	0.0009452066182573031	0.0004953815746398561	0.0008152397001860214	0.0005635486328905596	0.000529304057680872	0.0006511694459383712	0.000404289116524625	0.0007424266356942775	0.0006169408829131654	0.0006209071190463141	0.000561042215393363	0.0009136005507763523	0.0011674149454957172	0.0006443987031312524	0.0015139376128960394	0.001881075701018028	0.0016810220688081112	0.0015814335990973736	0.0016218201428533521	0.0015887730852140855	0.001551459630965388	0.000676625781262505	0.0006147425461335081	0.0004683013027698896	0.00037809453946150616	0.0008314366226973511	0.0017658684156271571	0.0016409838412965187	0.0007004496953681471	0.0021003675364660583	0.0007215984115291083	0.00032782205043017205	0.0009584944796418568	0.001379979190106042	0.0011509467725037826	0.0014555895174977185	0.005175634765174086	0.0009800210639455784	0.0017001798952610632	0.0015796123824929973	0.003963795333905905	0.0009420512965297235	0.0007460096951962798	0.0003620077166620646	0.0018815771728891032	0.0017460556883989885	0.0017069292237992426	0.0016652958596359258	0.001212976198779984	0.0018496688957509656	0.0016194071234293715	0.001441494532436036	0.0016332593803680111	0.0036523148286668385	0.0016678682653961587	0.002055635297611126	0.0027854802709869823	0.0022457525480528975	0.0009887032275162962	0.001796352086875633	0.0006030985001703262	0.0011404543100534195	0.005485430670818347	0.006953654491797339	0.0019092722666367175	0.003077044260690804	0.0014688798052872785	0.0011660317696639258	0.0016829509569761065	0.0019421086614913397	0.0029277368174534177	0.0013227215850940377	0.0026511420700965553	0.00958865020640686	0.0036033422349122787	0.006333577298908011	0.003315587900567551	0.0049420716860526185	0.0019226726129053003	0.0025357301615246105	0.002127746342560454	0.0032411955113341713	0.002724788014072408	0.0026211538228814862	0.0026274300581418993	0.003152215641190187	0.0021480739216831017	0.0016769678232691554	0.0016796775441317957	0.0026524749384514846	0.0009379424263405363	0.003945662910494123	0.0035199194590688626	0.006222771959273338	0.0044148697226990795	0.005567106354433606	0.0030228614828399637	0.0031950338013249915	0.0024617820774793524	0.007998210341408733	0.0022015759853341336	0.0018122735202201904	0.0041031755772067986	0.0030427112879478067	0.0015911229772856547	0.0032017230852010876	0.0027374091454553055	0.002507182791960008	0.002539208164004654
R313	238943	0.0019182829065921706	0.0019555156625101293	0.0006353796479713371	0.0012279214312128303	0.0006931095191243551	0.0007733054849809195	0.0009112356489895956	0.0	0.0005521396912464987	0.00034948051474859937	0.0004596274960384155	0.00047845848396217266	0.0013853198925670267	0.0015450202633662238	0.001532952103616349	0.001589392338355342	0.002109483859951924	0.0010472585140856342	0.0006078140069827932	0.0013005818862799657	0.0006797281515616979	0.0005939150877859068	0.0012040616448751515	0.0006539022602723545	0.0006138140412865145	0.0006568882352641054	0.0006419802020101697	0.0007593842761043545	0.0010245070758378738	0.0009535039926739672	0.0006736075044817927	0.0014715043734531612	0.0017597694088415667	0.0015594601417300126	0.0014597948977585584	0.0012794854329741452	0.0014702602486094437	0.0014797327914702716	0.0003947434417967186	0.0004866931729760677	0.0006432491475415112	0.0006799743906614711	0.0012372157573979437	0.0016442697819013044	0.0015193743020508205	0.0007183319159063626	0.001978724362346615	0.0006879190151556223	0.0007852871165666266	0.0012756714419167668	0.0014845204029611844	0.0008624905389538516	0.001167013183934293	0.0056047850497139735	0.0012971290580332134	0.001578698679118294	0.0011612916725390159	0.003842371539398918	0.0009030058865298364	0.0009117519837655429	0.0008931615143302694	0.00163134452705807	0.0016244733398227801	0.0015013741285626358	0.0012586190223475642	0.0007314287718469879	0.001614070789537948	0.0011120849104741897	0.0014910059492413304	0.001335928601473527	0.0034407196929583006	0.0014931965335134058	0.0019980450644675484	0.0025489795563037403	0.0018116025816858564	0.0010037305665428107	0.0016046125807491973	0.0008299098064404617	0.001178374089103185	0.00537708300142209	0.006991680852351561	0.0015075806342528398	0.0028518010960283517	0.0012138128338264544	0.0016316961533999544	0.0011648921581346992	0.0017656988669803681	0.002677297381712748	0.0015625691439075631	0.002890825837960187	0.009828183821283892	0.003641940033484607	0.005920965707731814	0.003194791012964174	0.004765970919763251	0.001888936160132702	0.002174135936404562	0.002366979664692903	0.0032423248122282634	0.0027941718632817376	0.002499828094037164	0.0024402377282939924	0.0030306531899248015	0.0023873393003549406	0.0015662595150130962	0.0018417130834644303	0.0030939877843495166	0.0013232761698079233	0.0041853187640907615	0.003234348604212802	0.0058424079423689945	0.004654684658083233	0.005474673509083905	0.002909960497171286	0.003142512168710582	0.0021833368645978444	0.007876816951262675	0.0022395720820828336	0.0018831719771915509	0.004442775944493448	0.0029211990731276036	0.0013027388519812196	0.0034869337695817176	0.002319092886945697	0.002519202709526485	0.002583522926353111
R315	238945	0.001856063903861837	0.0018933674595396758	0.0011779600936595725	0.0015009210073936249	0.0009741987102157567	0.001050970398977971	0.0011921796065426172	0.0005521396912464987	0.0	0.0005075205712621809	0.0006212924698779511	0.0006519792019643664	0.0013206242408163266	0.0014596236996958542	0.001447514255465804	0.0015040253653961582	0.00202411724508079	0.0013131969417667067	0.0011292359454881955	0.001571177134160752	0.0012119464617672457	0.0007998472283214585	0.0017094867805908214	0.0009244629470382094	0.001165846669487795	0.0009473611877751099	0.0009324185724290095	0.0010497378437462242	0.0013034032004522363	0.00101172726563002	0.0009640620875050021	0.0014320577880315016	0.0016915087230977312	0.001454450432154198	0.0013847950214584685	0.0014203201664683542	0.0014082399233293318	0.0014175780702494944	0.0006515271891656663	0.0007137561523185925	0.0008708176043281768	0.0009505846160889244	0.0015078505068699096	0.0015393185797728155	0.0014144257357342938	0.0009656617087134854	0.0018735897464433535	0.000935274193593901	0.001051366770298119	0.0013244487966686677	0.0015615907004501803	0.0003443980044365559	0.0006490407494304915	0.0058426980983855795	0.0013459279959183675	0.0014734596723956798	0.0006627598543817528	0.003737261370721447	0.0011303913323187943	0.0009604099013974962	0.0011637721963155467	0.001545907158744292	0.0015195058525446468	0.001026274015165826	0.0008759287858449641	0.0010018969317970177	0.0011698158394502548	0.0008355642328331333	0.0012191142180158748	0.0015295079749929347	0.0034788574643368525	0.0010734190021308527	0.001985715587216688	0.002443864870596247	0.001973330763483652	0.0012940015442242357	0.0016425797550667514	0.001100758344372144	0.0012497458957298664	0.00506459874462321	0.007029981861305143	0.0016933862046395983	0.002858812620020448	0.0015082278223625327	0.0018922451997771396	0.0009273527130268997	0.0019883953906403764	0.0025880654413648857	0.0017901797595038017	0.0031183515240846378	0.010055528826188875	0.0037233003407975323	0.005558398975265111	0.003308425915585362	0.00480428084318262	0.002116227384272358	0.0021479350101640655	0.0025943611218053244	0.0034893299425837014	0.0028782458030815637	0.002394726839825479	0.0022886694180476517	0.0029256597921056664	0.0026147559984841928	0.001504035776467678	0.0019230880423779957	0.0033213830161766657	0.0014145713477090836	0.004412829325585359	0.003272456462606159	0.005540085476527023	0.004882204134043617	0.005532745759033885	0.0029937850293741673	0.0033698104973120227	0.0021128975126478884	0.0077718322565748	0.002358546836514606	0.002015929131838501	0.004533343534011783	0.002816087929460136	0.0015001551836164298	0.003714227949217117	0.0019065707261007132	0.002746485254700955	0.00252155638101076
R316	238946	0.001631583995754407	0.0016412259380655626	0.0006739132725317594	0.0009984511066641584	0.0004700797853054657	0.0006099417795375839	0.0006883546517151824	0.00034948051474859937	0.0005075205712621809	0.0	0.00017118638402085947	0.00019560419232002448	0.0011229492925064473	0.001282680209063421	0.0014867761867961458	0.0013270374002795563	0.0018471584952654942	0.001047881645763304	0.0006288741998974715	0.0011246454613357932	0.0007115933245873762	0.00034644805442405566	0.0012441010043034312	0.00042411562621786557	0.000695401947740979	0.0004589705583920874	0.000466427667630289	0.000542493975989044	0.0008813490752200426	0.0006908588169824906	0.00046876501760226643	0.0011228212157947384	0.0014846907922435298	0.0012842019273457122	0.0011847395897213906	0.0012252217001600483	0.0011920331594670517	0.0011547858083925178	0.00041872026144443075	0.00021339959704911457	0.0004870658650044855	0.000450207409742923	0.001007645274270067	0.001369019889046714	0.0012441470011902332	0.0005749322424175342	0.0017037318067499045	0.0005444870139984747	0.0006292319178303021	0.0010066200532937342	0.0013220889322429054	0.0005875370382446597	0.0008921664002000602	0.005455758901805993	0.001028124288978008	0.0013035485825947783	0.0008992622203510674	0.0035674198702100113	0.000746751233527595	0.0006426567303991197	0.0006940828230828598	0.0013689725387082436	0.001349177643062919	0.0011531887037142916	0.001206766745513639	0.0007371539850230918	0.001352223961497271	0.0011554420534563813	0.001335897025878487	0.001410111864899663	0.003165319059456515	0.001145102800301368	0.0017391565876385432	0.0022739906640160327	0.0017338584031633371	0.000828366467470241	0.0013291914380608668	0.0006004687024991705	0.0009028605108541786	0.005102188955398648	0.006716093232570702	0.001500960635176119	0.002576936538076333	0.0013999322576760428	0.001475864069167939	0.0012344043865569678	0.001839827413848551	0.0024111419377424426	0.0014064937172105054	0.002735082466567482	0.009672475486846813	0.003365688898579574	0.005646196658535856	0.003034309729361668	0.004490382662695453	0.001733081998480802	0.001899265873880584	0.002211131541678513	0.003099124574719442	0.002638701402847962	0.002224868060917996	0.002285214162582341	0.002755456919323446	0.0022312336459437833	0.0012804831178353504	0.0014924871345666341	0.0029382406996751116	0.0009860501670856247	0.004029626391054149	0.002958902215646283	0.005567655382114116	0.0044989829743823555	0.005211765905845403	0.0027544148130075287	0.00298666452784207	0.0019082818925514433	0.00760162938379258	0.001974902570403382	0.0016543451899837507	0.0041418100182461825	0.0026462254104256564	0.001135427440122037	0.003331091633285165	0.002054930098267789	0.002363349365367623	0.002234905500560168
R322	238952	0.0014970682887183275	0.001506710231029483	0.0006928786705971485	0.001016161929084275	0.0004887149546928775	0.0005956932180605329	0.000707272911954782	0.0004596274960384155	0.0006212924698779511	0.00017118638402085947	0.0	5.756420914903475e-05	0.001252626821698679	0.0014122693596242003	0.0016164794867997855	0.0014566265508403357	0.0019768766586162043	0.0009276083381352544	0.0005081724664265709	0.0009714480834720851	0.0005911356017364905	0.0001927174732217172	0.0012301091586095138	0.000303382597653449	0.0008063358915866349	0.0005836070877851139	0.00057726965069014	0.000686365629481853	0.0009922690547635566	0.0008290666560361123	0.0006004149121248501	0.0010212535811405694	0.001350162585397087	0.0011496495081136854	0.0010502238826853112	0.0010907199574261102	0.001057517452430972	0.0010293954244339778	0.0002746024796318528	9.263669350220323e-05	0.0003333710507367402	0.0003295404048256005	0.0008873700949455251	0.0012343589855316908	0.0011096234549919967	0.0006858374441976793	0.001569216099713825	0.0006553578230190478	0.00047565498069227706	0.0010196953643457384	0.0011603292453581436	0.00044401575366817536	0.0007484059962075207	0.005441778091430661	0.0010411294019307723	0.0011690298571857577	0.001019983706292517	0.003433339538070845	0.0005935238197584097	0.0006555367441981563	0.0006758321611751786	0.0014986569216363353	0.001214552135299192	0.0010431302977633062	0.0013242844954449962	0.0008588113443760918	0.001473097060091388	0.0009850709787815129	0.0011655644655680334	0.0012570713513956548	0.003039569413689815	0.0010351750685274107	0.001865547574231454	0.0023832460054443007	0.0018443882129387979	0.0009392864470137549	0.0012036267091984035	0.00048034416102198254	0.0007772998070066173	0.0049584191583041766	0.006589668578441998	0.0016118764762096584	0.002442915898729432	0.0014132658135369697	0.0013227954950566169	0.0010640108300960388	0.0016869720006299541	0.002540820015225949	0.0012532200269207683	0.0025819046153599	0.009519286470283493	0.0032396076994873806	0.005765087926290508	0.002872577023330763	0.004363958008566749	0.0015802817713319762	0.001989552291526611	0.002058298010278118	0.003210098249941328	0.0024771727797422275	0.0020906958089184275	0.002115088953083909	0.0026206501399642446	0.002077971129047739	0.0011459674107992708	0.0013989807109969273	0.0027853826383379397	0.0010269724952180872	0.003876791994883078	0.003021175874330942	0.005618681379869431	0.004346148578211285	0.00534945860912392	0.002592718968067049	0.0028338309964416743	0.0017741311774672622	0.0074667376538237	0.0018373354954481793	0.0015259997179106752	0.0041547340176023954	0.0025116788727015575	0.0009645662988138672	0.0032868401856620075	0.002175786762972691	0.002210549138218797	0.0021331228718675897
R325	238955	0.0015414527802745759	0.0015510947225857315	0.0006710983839585583	0.000985287015367662	0.00045785042204440896	0.0006145998968793757	0.0006764132300853528	0.00047845848396217266	0.0006519792019643664	0.00019560419232002448	5.756420914903475e-05	0.0	0.0012969908897733286	0.0014566588442799094	0.0016608011840019967	0.0015010160354960442	0.002021240726690854	0.0008967337502391975	0.000477396720909186	0.000990341341394368	0.0005602371693880819	0.00022248129532906596	0.0012489895948071714	0.0002726034689240402	0.0008252014217576649	0.00058865284460277	0.0005961589167754486	0.0006585593859171836	0.0010111623126858392	0.0008864555025916121	0.0005985463601431712	0.0010273003405780964	0.0013945520700527959	0.0011940339996699338	0.0010946083742415596	0.0011350767212311064	0.0011019019439872208	0.0010646545929126868	0.00028422611576118135	6.185574979515645e-05	0.00035239726434286873	0.00029875946111855377	0.0008565054199766359	0.0012787434770879394	0.0011540079465482452	0.0007047286178179594	0.0016136005912700737	0.000674248996639328	0.0004946487369272914	0.0010770771334997753	0.0011661977247995762	0.00047476595538841615	0.0007791987796472949	0.005460676269180651	0.0010985127060269878	0.0012134122644400036	0.0010507321926284498	0.0034776986130460336	0.0006124731093033794	0.0007129221450166936	0.0006923007054176318	0.0015430209897109844	0.0012589345425534381	0.001031450322093173	0.0013549802050846528	0.0008551746971683514	0.0015038288428631918	0.000977301982269103	0.0011578431219598096	0.001275939005496389	0.0030969684161262427	0.0010161384490974443	0.0019099116423061033	0.0024276100735189507	0.0018887522810134474	0.0009581797049360377	0.0012609933871516037	0.0004494614189937989	0.0008346732061012204	0.004989293631044301	0.006647188824126067	0.0016381411046618828	0.0024872749737046207	0.0014705923900939436	0.0013417055200297887	0.0010562700890258058	0.001705815829722539	0.002585179090201138	0.00127212505879448	0.00260080279310989	0.009538167472530643	0.0032971279451714497	0.0057959574059311715	0.0028784790906524202	0.004421478254250818	0.0015992281520794884	0.0020339113665017996	0.0020772512989277988	0.003229044630688839	0.002483067939161716	0.002135080300474676	0.0021073845677880157	0.002665060656557785	0.0020969244176974196	0.0011903519023555196	0.0014067400322564513	0.0028042686336845497	0.0010566567599660048	0.003895690172633068	0.003078577950724691	0.0056495508595100965	0.004365046755961274	0.00540697885480799	0.002598640570333711	0.002852784285091355	0.00181849716034462	0.0075112331210269185	0.0018948481100515343	0.0014820765070814167	0.004212228846705405	0.0025560677985964246	0.0009819394301976052	0.0033057865664095198	0.0022065267582874943	0.0022294955189663093	0.002127786211933544
R329	238959	0.0008842111089561287	0.0009214869155659161	0.0016173217868247422	0.001953881475789069	0.001409412947706932	0.001499391754613239	0.0016355514476590635	0.0013853198925670267	0.0013206242408163266	0.0011229492925064473	0.001252626821698679	0.0012969908897733286	0.0	0.00018834785256617695	0.0007074033504958179	0.0002528934284413765	0.0007242708925615476	0.002003403481442577	0.0015852720178571428	0.002026961552237293	0.0016679939360495102	0.001255775505786531	0.002147964360255035	0.001380478309661594	0.001273494463445378	0.0010549539113645456	0.0010400107927231307	0.001157389533689899	0.0014108203562231054	0.0008974657124149707	0.0010716646942276911	0.0005514150163945141	0.0007986530501296221	0.0005033890075773218	0.00041302173083823446	0.0004928507989627477	0.00043648157855142065	0.00044590117339410134	0.001489793870338135	0.0013057051907349071	0.001347432466762384	0.0014066069547651247	0.001963508143980832	0.0005882477429508908	0.00046337121040416194	0.0010939774184973987	0.0009225066990215054	0.0010635806518426373	0.001507106171518607	0.0016703344375250102	0.0008143783608543418	0.0013424920681055455	0.0015222548321636514	0.00610327454015247	0.0016918031471988802	0.0005223127228697641	0.00148089894889956	0.0027977665717116426	0.0017362530491499568	0.0010270886616573968	0.0016192787677009792	0.0002813246116202096	0.0005684300637371264	0.001922903104685336	0.0018204381479568208	0.0018358773004577735	0.00155513741747593	0.0020591060343137253	0.002242210236438059	0.0024263931765201928	0.003991113026630282	0.0019774915276610646	0.0009256217692839744	0.0014116321216713346	0.0009407294787499468	0.0014079494361661656	0.0021444277046807824	0.001556707649406604	0.0016139608182911655	0.005890899829442507	0.007414430049640476	0.0017948971434219498	0.0032105988721038226	0.0019494330913216622	0.0023473819650774463	0.0021536432356705215	0.0026986786055073356	0.0015277753579390268	0.002266266787695078	0.003594424643463448	0.0105315532397543	0.0040874055458210885	0.006423795142109069	0.003256090841108942	0.00529866144846367	0.002709282216939793	0.0027570128692476987	0.003070368998062519	0.0034268087440852907	0.0020179190606091487	0.0014428917255393363	0.003168839704627741	0.0019745105965869873	0.0030908997939796123	0.0005322117573155439	0.002287491824601283	0.003797230700144932	0.0017394561597939176	0.0048887692777829115	0.003573863975363655	0.006115077086129112	0.005357917023859544	0.005705879774946749	0.002178735291970088	0.003994780996587481	0.0026538242609521374	0.007429347536466693	0.002835156994777911	0.0018862248267438081	0.004888292965457543	0.002045197510055365	0.002152891278606367	0.004188955815776854	0.0027163895773596736	0.0033385380329100595	0.0015498471695733272
R331	238961	0.0007489738339669837	0.0007862418333066533	0.0017770527033817165	0.0021136206820510255	0.0015691438642639062	0.0016591313641691756	0.001795327950798058	0.0015450202633662238	0.0014596236996958542	0.001282680209063421	0.0014122693596242003	0.0014566588442799094	0.00018834785256617695	0.0	0.000669907633086543	0.00015571614183165506	0.0006673396000754566	0.0021631799845815715	0.0017450029344141169	0.0021867007584992493	0.001827724852606484	0.0014154363507912116	0.0023077875732566283	0.001540209226218568	0.0014600686464348257	0.0012415606808498284	0.001226624214469318	0.0013440398490191445	0.0015974337779692926	0.0010403086522161077	0.0012582781159738781	0.0006619713374922382	0.0007892861844722357	0.00033940869211047925	0.0003656795380690342	0.0005424913613604508	0.0003549671895524912	0.0004137966726486508	0.0016495247868951088	0.0014653799913080946	0.0014762214830176571	0.0015663378713220988	0.002123247753536768	0.0004234172967781242	0.00033633133716363413	0.0012291713150534799	0.0007357888294347174	0.0011987638088372691	0.0016668342817221403	0.001790546720172446	0.0009211226705376367	0.0014506913751875935	0.001504593405284213	0.006226618595925569	0.0017720121867090606	0.0004580029390508616	0.0014495361490920507	0.002737011602268048	0.0018445231551975983	0.0011311711491941508	0.00177904202132066	0.0003858633242021008	0.0004557219264094976	0.001956735447403702	0.0019289119007123601	0.001995728862047624	0.0016844462337525339	0.002167496057270644	0.0023506518763581788	0.0025349213417808904	0.0039734866176588295	0.0020734922086562612	0.0010190155316019574	0.001394190576929798	0.0010491170434792187	0.0015882445526420193	0.0021270523140170085	0.0017164450036070652	0.0016676332854334305	0.005873266579533586	0.007396764233797209	0.0019302140920090588	0.003318955113269125	0.002078331867524901	0.0025071580649224613	0.0022620332586274403	0.0028072185575187597	0.001470546032170999	0.0023745737090289086	0.0037027797405702846	0.010639924735097549	0.004121219235133531	0.006406131749736353	0.003364464854807404	0.005300246493616809	0.0028175079326892114	0.002865130843825556	0.0031784926394208186	0.0035636191129903233	0.002002635506766362	0.0012562984291445724	0.0032770580734638095	0.0017877603245722866	0.0031990880442312533	0.0004816775387733378	0.0023212606624734003	0.0039056425053526763	0.0018272678552177437	0.004997207166642877	0.0035562375663922025	0.006097449268378184	0.005466323000641822	0.005688253365975296	0.002247099306623664	0.004102970192741273	0.0027425830178750073	0.0074116827353145	0.002957130676742671	0.002046138598223947	0.004922232335037519	0.0021133866905234866	0.002261124234897958	0.004297196663508358	0.002824469089670997	0.0034466460365053095	0.0014146523439929923
