B1-B1as-B1ci	1438218	0.0	0.003314674065811938	0.0025354141208699145	0.0024367781007737996	0.0013792449666670545	0.0012970854329845758	0.0008202760828317173	0.0012926221285258317	0.0009564116964607078	0.00019445040089776665	0.004978153185852876	0.0006842009136372725	0.005852329258676529	0.0009880734611118773	0.005416002908636373	0.0006292083506977517	0.0012569617409398616	0.0038804465507398522	0.0032969583768075877	0.00478933801744691	0.0017166494488529713	0.0010161449357316758	0.0019389077600675546	0.013218741973820473	0.0017989642016036458	0.004997839542843572	0.00019152821883623274	0.00019131717691843692	0.005182676991384728	0.0028777934083422598	0.0005192297207857778	0.0002682144414717056	0.015652376703327524	0.003402698622325535	0.000573696141886951	0.001206405118141006	0.0011981993158619174	0.0005664276204759049	0.0013853900033281227	0.0010272424369230542	0.0007037276001845237	0.001232217990741852	0.0012424903632673465	0.0027704967486756648	0.0011817993207479068	0.0018528655507888945	0.00271926179511505	0.009637397831993601	0.002262519425284558	0.0022667844496172826	0.002747937348540292	0.002849507025296542	0.0005199769469506098	0.00045878531172635607	0.002797990608488222	0.0027974688922015596	0.0006822251908463644	0.000683366776194761	0.0006310102110177964	0.0013432413972993909	0.002851708424467143	0.0019220709436134952	0.0028068783613995497	0.0032049771810878174	0.0032415101636606354	0.003315651208262372	0.0008006517135660958	0.0032075146421715653	0.0009910188924686098	0.0020892803639972002	0.003981635521435713	0.003987204021435713	0.005690896267401923	0.03049454855799206	0.029647131421435716	0.033079543250883935	0.03434447940548369	0.008706289877628857	0.004873322500717785	0.004384991621435713	0.006355920943561288	0.006130375646115841	0.0052056940604218145	0.006271570539830194	0.025846929421435714	0.003978772233313337	0.004206498957890879
B1-B1g-B1by-B1bw-B1dm-B1au-B1bz-B1s-B14h	1438237	0.003314674065811938	0.0	0.00362966628862455	0.005361524827978808	0.0043093884921541654	0.004225220762071504	0.0026569541533317765	0.004224619968274771	0.0026785681720453694	0.0031220470620931338	0.007905693888561995	0.0031757065074693165	0.008332552433648277	0.003923603749075388	0.008339343163586465	0.003121316207220493	0.003415971533548531	0.00680412189672717	0.005979856997660936	0.005144455004837666	0.004640234830825895	0.0039494193774692815	0.004621905479298281	0.0161423273557934	0.0044812203213014795	0.007921424924816496	0.0031275622245002	0.003127139486294021	0.008106352337372048	0.005803448215832131	0.003452084239477111	0.003484518240088846	0.01857596208530045	0.006325746645837868	0.003509692776325018	0.0026518885851759305	0.002640363433116754	0.0028970081325842925	0.004069795162604958	0.002470250260099254	0.002748397360267005	0.002681407186368778	0.0030088303174305824	0.005697745927782887	0.002624067457470044	0.0038421717235108672	0.005644794556617354	0.009992514819384356	0.005187889580901342	0.004950687960346099	0.005670985372052625	0.005772555048808874	0.003454464124380225	0.003393880202156903	0.005725460042730222	0.0057227957532105835	0.00272268287088082	0.0028919981462618375	0.0027629926370727554	0.0030763869836465414	0.005534473738889727	0.0023940727745628203	0.005489171293282687	0.006130559115111079	0.006167095002437179	0.005999227100349875	0.004111551914758363	0.006130631587845088	0.003916352250303703	0.004076476659864057	0.0059664192495701715	0.00691087936742303	0.00861457161338924	0.033418133939964983	0.03257071680340864	0.03600312863285686	0.03726806478745662	0.01162987525960178	0.006857628092506781	0.0073085770034086355	0.00927950632553421	0.009053961028088763	0.008129279442394737	0.009195155921803118	0.028770514803408635	0.006910240079918033	0.007137966804495575
B1-B1br-B5dx-B5eb-B1gs-B1dq-B1g	1438246	0.0025354141208699145	0.00362966628862455	0.0	0.004586989725119952	0.0035304194699943333	0.0034478708114658754	0.002972780596794813	0.003447365195966224	0.003108822210735556	0.002344615843016729	0.007129930554418374	0.0028384433442667787	0.007999753045583502	0.00314392080149442	0.007565091828388158	0.0027835233857890647	0.0034066863527608456	0.006030171162560836	0.005447370026489404	0.0032439962206913244	0.003866374060673955	0.0031700138907439714	0.003769572284336265	0.015368466585641458	0.0036270395169032393	0.007147564154664556	0.002348302279558177	0.0023478795413519973	0.0073324016032057125	0.004705998904176794	0.0026730042225638767	0.002705202379338221	0.017802101315148512	0.0055509362836827295	0.0027304328313829942	0.0033565450888144743	0.0033489244915133947	0.0027208909078761277	0.003536702577499	0.003178317527270473	0.0028576791359158	0.001866165776008415	0.003393434024691425	0.004921924863948421	0.0033332267615102007	0.0033110645667845597	0.004869508880107957	0.008526021205709828	0.004412787566318928	0.004418200618669005	0.00489667771049125	0.004997744686653736	0.0026754030124424917	0.0026147942050305352	0.004947597210188062	0.004947854110827009	0.002836158486072947	0.0028350793791918644	0.002783189924638221	0.003493966754418233	0.005002130010975427	0.001902147354435237	0.004957309671871251	0.005054608248664987	0.005391571678585983	0.005467022695733048	0.0033322561413719953	0.00535603953836488	0.003140813549324275	0.0033833164391060748	0.0052764894510295875	0.006136928633256697	0.007840620879222908	0.03264427316981305	0.0317968560332567	0.03522926786270492	0.03649420401730468	0.010856014489449842	0.0061677310065811515	0.006534716233256696	0.008505645555382272	0.008280100257936825	0.007355418672242798	0.00842129515165118	0.027996654033256702	0.006133302406067573	0.006361029130645115
B1-B1co-B1ai-B1x-B14d-B1t-B1az-B14c	1438247	0.0024367781007737996	0.005361524827978808	0.004586989725119952	0.0	0.0013273683933176363	0.001139918908551087	0.002875540131955651	0.0033459083029506623	0.0030120397774501	0.00224503079753596	0.004258955654063394	0.002741625711083373	0.00789035341256671	0.0030454348712964986	0.007453330977550878	0.002686928499173711	0.0032998507357471984	0.005918897910077888	0.0020447345332566974	0.00683064200141156	0.003754947842541696	0.001988985422001468	0.0028832489183726506	0.015256005686511111	0.002716473422011195	0.0070351032555342075	0.0022490838634746098	0.0022493502173192253	0.007220378440720708	0.0016267471713337534	0.002573763404905021	0.0026070387771985146	0.017689640416018164	0.005440722776215716	0.00224755344887607	0.0030139494618952422	0.002982712045761695	0.002623686631564163	0.002603641730707717	0.003080879541632748	0.0027583151058334877	0.003280527635687249	0.002842731979034669	0.0015538907456277488	0.0032346538299162625	0.0025118108076391255	0.0015847833407736903	0.011674661544684238	0.001600802540376376	0.0010515463340144938	0.004785998632789288	0.004887531179186723	0.0025775346980476954	0.002515675665452202	0.0017688020087682204	0.0011029816922624512	0.0027388616174239717	0.0027379486120548938	0.002685143125565363	0.0031964474070071973	0.001395733767601705	0.003973989862877035	0.0009896062772990803	0.001354933111651944	0.0029588292572141957	0.0020954763443654704	0.0032333737851924123	0.005245538796061747	0.0030377675535474204	0.00413902115012219	0.0060194103414234305	0.006024905470771691	0.007728597716737901	0.03253181227068269	0.031684395134126346	0.03511680696357457	0.036381743118174326	0.010743553590319492	0.006910586213408421	0.00642225533412635	0.008393184656251924	0.008167639358806477	0.007242957773112451	0.008308834252520832	0.02788419313412635	0.006029597784466213	0.006257324509043755
B1-B1ai-B1x-B1az-B14d-B1co-B1t	1438250	0.0013792449666670545	0.0043093884921541654	0.0035304194699943333	0.0013273683933176363	0.0	0.0009992817301809457	0.001817934990102969	0.0022908451826782698	0.0019544173905498238	0.0011889402247844806	0.005123486765200533	0.0016839539283297076	0.006846927080655802	0.001987845229657781	0.006409868023053084	0.0016293388575349937	0.0022507993191942417	0.004874829266992833	0.002521936519715688	0.00578317559570129	0.0027104870271073512	0.0008743325062416401	0.0023475382524440506	0.014212579552074854	0.0020560381654378696	0.005991677121097952	0.0011916018206638008	0.0011918681745084164	0.006177059707637709	0.002284936839474024	0.0015163016967814375	0.0015495527202038929	0.016646214281581907	0.004397353990928046	0.0012209249343200688	0.001957979338806379	0.001926392877081006	0.00156617030476698	0.0016937226102015557	0.0020239561952414276	0.0017010498620113968	0.0022268178044730674	0.001885425135653731	0.002562463045739278	0.002178732485924223	0.001958588125562331	0.002149171499199196	0.01063123541024798	0.002053670258622413	0.0020587278037588726	0.0037426798997062896	0.0038441048472758177	0.0015200526552368863	0.0014580330470858743	0.0023253799575434966	0.0022044863902000167	0.0016812564755712893	0.0016804665692440848	0.0016278283789011427	0.00213933428620074	0.002404420643345966	0.0029173411507760092	0.0019048497904680386	0.002611994679086274	0.002659519238143611	0.0031074813747802485	0.0021761874202179416	0.004202146815413148	0.001985478101142327	0.0030839239689701677	0.004976109610276916	0.004981586737688694	0.006685278983654903	0.03148838613624644	0.030640968999690092	0.034073380829138314	0.03533831698373807	0.009700127455883237	0.0058671600789721645	0.0053788291996900925	0.0073497585218156684	0.00712421322437022	0.006199531638676195	0.007265408118084575	0.026840766999690093	0.004976805754403679	0.0052045324789812214
B1-B1co-B14d-B1t-B1ai-B1x	1438259	0.0012970854329845758	0.004225220762071504	0.0034478708114658754	0.001139918908551087	0.0009992817301809457	0.0	0.0017362772929521144	0.002207633549368263	0.001872822493672438	0.001106233810091198	0.004368002078166644	0.0016024084273057113	0.006762333420553834	0.001905715871665179	0.006325748722183345	0.0015472094995423913	0.002166443289343197	0.004789928099143187	0.0022856014304829075	0.005698819565850245	0.0026261309972563066	0.0015294177342932247	0.002121492407522775	0.014128223522223808	0.002231921135246927	0.005907321091246907	0.001109164954923523	0.0011094765264796974	0.0060921585397880635	0.0017901260570487513	0.001434710578201195	0.0014674496886934339	0.01656185825173086	0.0043127027842028405	0.0012983773969412827	0.0019261995208257475	0.0019187706619093142	0.001484443015268119	0.0018953461679833536	0.0019416744852944116	0.0016188979131360592	0.002142230505761529	0.001962392226118341	0.001966963125035489	0.0020960865822353294	0.00222568539680096	0.002098370412674725	0.010546879380396936	0.0014582137372788162	0.0014632278830550834	0.003657941510417598	0.0037595111871738477	0.001438320418107551	0.0013766512302309307	0.0017869296144529742	0.0017096095523758867	0.0015995900323991054	0.0015986843421127502	0.0015457315428626002	0.002064837807123184	0.0018396990398446434	0.002834816952546953	0.0017939331167788237	0.002117176222563231	0.002293237264853759	0.0025118509521569283	0.002093813187080647	0.0041175188040488715	0.0019005263484681294	0.0030003573521422524	0.004891117069839048	0.004896685569839049	0.006600377815805259	0.03140403010639539	0.030556612969839046	0.033989024799287275	0.035253960953887026	0.00961577142603219	0.00578280404912112	0.005294473169839048	0.007265402491964623	0.007039857194519177	0.00611517560882515	0.007181052088233529	0.02675641096983905	0.004893490952044386	0.005121217676621929
B1-B1by-B1bw-B1dm-B1au-B14b	1438261	0.0008202760828317173	0.0026569541533317765	0.002972780596794813	0.002875540131955651	0.001817934990102969	0.0017362772929521144	0.0	0.0017324086322833888	0.000362547779160575	0.0006330542614734738	0.005417282589373282	0.0005729198681707006	0.005739638004358693	0.001428917571546735	0.005854439192302309	0.0005185295679218772	0.0013230181157952614	0.004319373482628142	0.003563048295148454	0.0052281705776467055	0.0021554820090527674	0.0014561510482502605	0.0022060220931718324	0.013657574534020271	0.0020657438307227663	0.005436672103043369	0.0006330185142957112	0.0006325957760895318	0.005621603923273018	0.0033166259685420557	0.000959511254938424	0.0009899186140757553	0.01609120926352732	0.0038406910649786074	0.0010152534697099628	0.00044604100990429374	0.0004021763717737817	0.00029422149328567755	0.0016521212776240057	0.0002582229417374787	0.00046042472175347385	0.001671280644521053	0.0007792282946991808	0.003209646643555033	0.0004013338883834849	0.0021187509294811556	0.00315795692209729	0.010076230392193398	0.002701351985484354	0.0025338814134159755	0.003185929791193365	0.0032874994679496154	0.0009599204141757354	0.000899382478156553	0.0032358357727010545	0.003236301452401356	0.00029234376972998887	0.00023602885426569697	0.000292503786857644	0.0008573382247770799	0.0031180462528542234	0.0023614047678526384	0.0030736098790857254	0.0036438097412876133	0.0036792774260592286	0.003582748172061065	0.001619205808866714	0.0036456540156104295	0.0014299458243568995	0.0025283868090181533	0.004420656825012496	0.004426130953324003	0.006129823199290213	0.030933381118191855	0.030085963981635513	0.03351837581108373	0.03478331196568348	0.009145122437828652	0.005312155060917582	0.0048238241816355104	0.006794753503761085	0.006569208206315637	0.005644526620621611	0.006710403100029991	0.02628576198163551	0.004418377001669499	0.004646103726247041
B1-B1gy	1438266	0.0012926221285258317	0.004224619968274771	0.003447365195966224	0.0033459083029506623	0.0022908451826782698	0.002207633549368263	0.0017324086322833888	0.0	0.0018687792414832404	0.0011060597658834115	0.005886021334186581	0.001597559363778781	0.006762041856840843	0.0018987275987601237	0.0063254571584703545	0.001540221226637336	0.0021660405589802013	0.0047895253687801915	0.0042066563064319185	0.005698416835487249	0.0026257282668933103	0.0019276778006099388	0.0028473137416351888	0.014127820791860812	0.0027080430196439855	0.00590691836088391	0.001102065515368463	0.0011024882535746424	0.006091755809425068	0.003786872226382599	0.0014319801716628337	0.0014623351026909987	0.016561455521367865	0.00431241122048985	0.0014860871504049594	0.002117354993717124	0.0021093615065120057	0.0014796390468221723	0.002295175961967294	0.0019388317202969844	0.0016150103234060518	0.002143172557739989	0.002153295432964944	0.003678920642368463	0.0020925185486701196	0.002762578148953209	0.0036289450526934145	0.01054647665003394	0.003171598243324898	0.003175271045199514	0.003657649946704607	0.003759219623460856	0.0014330405067901786	0.0013721704192872874	0.003707806345336773	0.0037065477102418993	0.0015951850208879112	0.0015954553685678234	0.0015430102364442481	0.002254853535730319	0.003761281090993825	0.0028339952771022896	0.003716038068014637	0.004114055999128156	0.0041512973035175635	0.004224272314938321	0.0020915111903209676	0.00411722724033588	0.0019015303672432755	0.0030006290521711024	0.004890714339476052	0.004896282839476053	0.006599975085442263	0.031403627376032396	0.03055621023947605	0.03398862206892428	0.03525355822352403	0.009615368695669195	0.0057824013187581244	0.0052940704394760525	0.0072649997616016275	0.007039454464156181	0.006114772878462154	0.0071806493578705334	0.02675600823947605	0.0048851408394760525	0.005112867564053594
B1-B1by-B1bw-B1dm-B14h	1438277	0.0009564116964607078	0.0026785681720453694	0.003108822210735556	0.0030120397774501	0.0019544173905498238	0.001872822493672438	0.000362547779160575	0.0018687792414832404	0.0	0.0007696469484112756	0.005553779159798088	0.0005939462049390121	0.0057172856273227995	0.0015647223937853428	0.0059907964304520105	0.0004955119985714125	0.0013205340062268042	0.004455947812927415	0.003616130020379921	0.005364749897510897	0.0022920613289169585	0.0015921799513920897	0.00225919375388879	0.013794153853884461	0.0021189687615316604	0.005573251422907559	0.0007690406607278546	0.0007686179225216751	0.005758178253572291	0.003453205288406247	0.0010956696437019685	0.0011259407605078986	0.016227788583391512	0.003976814079754049	0.00115134224729098	0.0004509582229933421	0.0003603633362080563	0.00039023417586482703	0.0017053462084328994	0.00023711309218443826	0.0006391952660962839	0.0018078452277344535	0.0006017347097780444	0.003346159169111577	0.0003988039925509069	0.002171924875585461	0.0032944598306917003	0.01021280971205759	0.0028379313053485456	0.0025870395499172226	0.0033224543608578287	0.0034236224827250564	0.0010959425606078784	0.0010354096141536144	0.0033718587770988767	0.0033728807722655466	0.0005331948263251939	0.00032699216263747246	0.000654988926954609	0.000695756833852256	0.0031711606532494703	0.002497805932438392	0.0031268006907507525	0.003780389061151804	0.0038157803346536385	0.003635906308562311	0.0017553433762358657	0.0037818916472905422	0.001566520154656172	0.002664951392231554	0.004557226165746851	0.004562705283623275	0.006266397529589486	0.031069960438056043	0.0302225433014997	0.03365495513094792	0.03491989128554768	0.009281701757692842	0.005448734380781773	0.004960403501499701	0.006931332823625276	0.006705787526179829	0.005781105940485802	0.0068469824198941825	0.0264223413014997	0.004554790574025195	0.004782517298602737
B1-B1bw	1438278	0.00019445040089776665	0.0031220470620931338	0.002344615843016729	0.00224503079753596	0.0011889402247844806	0.001106233810091198	0.0006330542614734738	0.0011060597658834115	0.0007696469484112756	0.0	0.004788523272532746	0.0004993091491911197	0.005659907807385788	0.0008034896505749427	0.005223021939132287	0.00044488288849115095	0.0010628957620154229	0.0036873913193251366	0.003107242271612974	0.004596019325304389	0.0015232930475552442	0.0008289134332266774	0.0017482827224873433	0.013025385572522748	0.0016075788214914516	0.004804483141545845	6.704779462053796e-06	7.127517668233178e-06	0.004989621759970013	0.002686568217071528	0.00033105795734426544	0.0003648884324514559	0.0154590203020298	0.0032102771710347954	0.00038883533128687134	0.0010168991675760933	0.0010095192989235543	0.00038127327556283346	0.0011951600977240342	0.000838641864472808	0.000515691509609267	0.0010394639292101487	0.0010534827529467968	0.002580517582062793	0.0009935252789784563	0.0016605919220576085	0.0025283707599023774	0.009444041430695875	0.002070876527376013	0.0020767933367833776	0.002555515897249553	0.002657085574005802	0.00033550514412912036	0.0002737074851403503	0.0026086998913231636	0.002605710291093894	0.0004962781658334168	0.0004957297293850811	0.0004420681462818186	0.0011550691743734754	0.0026620940833071713	0.001730677979972003	0.002615701470258235	0.003013504074181971	0.0030514878359404808	0.0031254799719028737	0.0009908344236976303	0.003015093190880826	0.0007979636610538946	0.0018965263024654977	0.0037888814599040094	0.003794148790020998	0.005497841035987208	0.030301192156694332	0.02945377502013799	0.03288618684958621	0.03415112300418597	0.00851293347633113	0.004679966099420059	0.004191635220137987	0.006162564542263562	0.0059370192448181145	0.005012337659124087	0.006078214138532467	0.025653573020137987	0.003792009480631937	0.004019736205209479
B1/B14d	1438303	0.004978153185852876	0.007905693888561995	0.007129930554418374	0.004258955654063394	0.005123486765200533	0.004368002078166644	0.005417282589373282	0.005886021334186581	0.005553779159798088	0.004788523272532746	0.0	0.005283326115626921	0.010440356767429784	0.005585801383861614	0.010003772069059296	0.005227295011738826	0.005845889183903613	0.008467840279369133	0.005596457245151194	0.00937673174607619	0.006304043177482252	0.005611821946615338	0.006275982178006973	0.017806135702449755	0.006386687256550654	0.009585233271472851	0.004789139300469952	0.004789562038676132	0.009770070720014009	0.005267610362198926	0.005116384525947404	0.0051482640858328795	0.020239770431956808	0.00799072613107879	0.005171596624557543	0.005800415438834606	0.005792894870841804	0.00516529249243156	0.005977300605785105	0.005623020186314199	0.00529980373507957	0.005824522333043439	0.0058361515557389	0.0033723016164699526	0.005776694331212248	0.0058322416335699415	0.005207034511064827	0.014224791560622882	0.0045988274992472605	0.004050432078706482	0.007335964857293547	0.0074375345340497966	0.005119070501869672	0.005057584424922617	0.004989171527719365	0.004588919053984209	0.0052805857673332655	0.005279529806798688	0.005227235847140618	0.005938965327769033	0.004131181881031822	0.006516994506679331	0.0039397797078650305	0.003646935294581638	0.006373654295614531	0.003005266731374338	0.005775649213778621	0.00779554215092482	0.005582126496830316	0.006682649179424161	0.008569029250064992	0.008574597750064993	0.010278289996031203	0.035081942286621336	0.03423452515006499	0.03766693697951322	0.03893187313411297	0.013293683606258135	0.009460716229347065	0.008972385350064994	0.010943314672190568	0.010717769374745122	0.009793087789051094	0.010858964268459474	0.030434323150064994	0.008571696276412358	0.0087994230009899
B1-B1by-B1hs-B10b	1438320	0.0006842009136372725	0.0031757065074693165	0.0028384433442667787	0.002741625711083373	0.0016839539283297076	0.0016024084273057113	0.0005729198681707006	0.001597559363778781	0.0005939462049390121	0.0004993091491911197	0.005283326115626921	0.0	0.005490204526962871	0.001291669401743751	0.005720392377195048	0.00026623555480129846	0.0015617621310218452	0.004185557094291142	0.003601075561582604	0.005094363178074784	0.0020216746094808458	0.0013210007239589858	0.002244171657927983	0.013523767134448347	0.00210398936223152	0.005302864703471447	0.0004965364398920217	0.0004961137016858423	0.005487787534936018	0.003182818568970134	0.0008244400269462895	0.0008534365396720657	0.015957401863955403	0.0037064109607178562	0.0008791124675618161	0.0010008605218135781	0.0009102656350282923	0.00027899992837432516	0.0016903668091327597	0.0007583922490364408	0.0010084447693231643	0.001537413917216557	0.0011515687450509898	0.0030757189131827636	0.000940414906509199	0.0021569454762853206	0.003023976418319085	0.009942422992621474	0.002567544585912433	0.002572006614124381	0.0030520636422215557	0.0031529974559957367	0.0008234383397720457	0.0007636733491962571	0.003100779168080681	0.0031024940528294343	0.00045308629688635014	0.0003652844782543491	0.000693328773865227	0.0009806601955118072	0.0031561520105464363	0.00222736022479992	0.0031117939445199985	0.003510002341715692	0.0035452789751170602	0.0036208733727694704	0.001484309177638051	0.003511377721935613	0.0012961294360198995	0.0023945056845930813	0.0042868314479104185	0.004292314564987003	0.0059960068109532125	0.03079957371861993	0.02995215658206359	0.033384568411511814	0.034649504566111565	0.00901131503825673	0.005178347661345659	0.0046900167820635875	0.006660946104189163	0.006435400806743715	0.005510719221049688	0.006576595700458069	0.02615195458206359	0.004283724865486903	0.004511451590064445
B1ht-B1hv-B5eh-B1-B1hu-B1do	1438321	0.005852329258676529	0.008332552433648277	0.007999753045583502	0.00789035341256671	0.006846927080655802	0.006762333420553834	0.005739638004358693	0.006762041856840843	0.0057172856273227995	0.005659907807385788	0.010440356767429784	0.005490204526962871	0.0	0.006459415119994528	0.010845845581005698	0.00522747360706582	0.006713982679986004	0.006903330692783776	0.008759820104799816	0.010243102291952416	0.007165058548411685	0.0064867925344830775	0.007398229008928165	0.018655695121694356	0.0072569202938541945	0.010428619974925977	0.0056652174173647905	0.00566479467915861	0.006356370749245227	0.008332749387059942	0.005989744977808747	0.006022117517144834	0.021087965667539774	0.004441301471455992	0.006047347969189609	0.006163565450951355	0.0060742064410353215	0.005447916028082648	0.006850830609028125	0.005923131200239929	0.006174392420603818	0.006695146937640736	0.006314586800988066	0.00823322283236479	0.006104406251494551	0.007307712951114666	0.008178874541305215	0.015067669686659405	0.007720678357812656	0.007730945395061483	0.0037873616714559923	0.003887902231920423	0.005992187503607543	0.005931622368929322	0.00826036929184755	0.008253415470114241	0.005621147195836944	0.005531440738510562	0.005858163241220021	0.005889414453000537	0.00831331269272711	0.0073891906178747396	0.008265420207518729	0.008660323427941617	0.008702310768399273	0.0087748992971449	0.00664917127917861	0.004246314823355614	0.004862850128431875	0.007553912457386786	0.009412981825492352	0.005022536395231431	0.006730394040737779	0.03592472541288345	0.0350773082763271	0.03850972010577532	0.039774656260375074	0.014136466732520244	0.010303499355609175	0.009815168476327102	0.011786097798452678	0.01156055250100723	0.010635870915313204	0.011701747394721584	0.031277106276327106	0.009441196518554434	0.009668923243131976
B1/B1cg	1438322	0.0009880734611118773	0.003923603749075388	0.00314392080149442	0.0030454348712964986	0.001987845229657781	0.001905715871665179	0.001428917571546735	0.0018987275987601237	0.0015647223937853428	0.0008034896505749427	0.005585801383861614	0.001291669401743751	0.006459415119994528	0.0	0.00537138742539906	0.0012333609182681733	0.0018658782028958096	0.004489363012695801	0.0039054740294432403	0.005398254479402858	0.002325565910808919	0.0016237490211678835	0.002547151385550797	0.013827658435776422	0.002407880663559594	0.005606756004799519	0.0007970860409959006	0.0007970542636936307	0.005791593453340676	0.0034867098702982082	0.0011283957577842216	0.000927615102903519	0.016261293165283474	0.004011199282641811	0.001181925194280572	0.0018152418337915011	0.001806920984091381	0.001174801401363827	0.0019942581104608332	0.0016359907531807243	0.0013126252707069874	0.0018411844850870823	0.001851340932641811	0.0033784672103916603	0.0017905859899796845	0.0024617185130927505	0.0033279972678278867	0.01024631429394955	0.002871435887240506	0.00287482692542905	0.003356691396259088	0.0034578183500916506	0.0011279870027435508	0.0010679081962993095	0.0034047909289288926	0.003406385354157508	0.0012909615073992602	0.0012916832952750445	0.0012402108585323932	0.0019514740899990181	0.003460216476395159	0.002531145189791021	0.0034156741925380025	0.003813893643043765	0.0038500714258704214	0.00392410995885393	0.001787923376782322	0.0038159478874908405	0.0015999361543445655	0.002698290649584183	0.004590551983391661	0.004596120483391661	0.006299812729357871	0.031103465019948005	0.03025604788339166	0.03368845971283989	0.03495339586743964	0.009315206339584804	0.005482238962673733	0.004993908083391661	0.006964837405517236	0.006739292108071789	0.005814610522377762	0.006880487001786142	0.02645584588339166	0.004584978483391661	0.004812705207969203
B1hx-B1-B1o-B1cg-B1hy	1438326	0.005416002908636373	0.008339343163586465	0.007565091828388158	0.007453330977550878	0.006409868023053084	0.006325748722183345	0.005854439192302309	0.0063254571584703545	0.0059907964304520105	0.005223021939132287	0.010003772069059296	0.005720392377195048	0.010845845581005698	0.00537138742539906	0.0	0.005665777306400334	0.006275257550784765	0.008882936859823646	0.00832353923666767	0.00980342347429771	0.00672048933821238	0.006050355490926236	0.006961644310557677	0.01820797857166903	0.0068196402263713506	0.009977262647441457	0.005228632718994302	0.005228600941692032	0.010174484128691394	0.007895558835855871	0.0055517651666295385	0.005356477566224856	0.020639874329833222	0.008389706309485257	0.00561076327081912	0.006236786546343362	0.006229637232828768	0.005602658368944312	0.006414008005819571	0.006059486706608017	0.005737712150904729	0.006258562239270245	0.006273294702817536	0.007796638133994302	0.0062133654499950015	0.006871346756872938	0.007742278612637281	0.014610131813646964	0.007283862928661402	0.007294360696690994	0.007735185409038282	0.007836514712456262	0.005556677190360028	0.005494620969469158	0.00782681727107349	0.007815926491839731	0.005717784059550246	0.005716926424343231	0.005663975645668967	0.006375652302378562	0.007877485015845877	0.00695260591950425	0.007828335749871951	0.008222925197590722	0.008266543191888728	0.008338314598774411	0.00621258658080812	0.008194522329331287	0.0060150252144247586	0.007117327759016297	0.008970357351294613	0.0089745890523343	0.01067828129830051	0.035467282539645414	0.03461986540308907	0.03805227723253729	0.03931721338713705	0.013679023859282215	0.009846056482371145	0.009357725603089073	0.011328654925214648	0.011103109627769201	0.010178428042075175	0.011244304521483556	0.030819663403089073	0.009003407181575529	0.009231133906153072
B1-B1by-B1hs	1438327	0.0006292083506977517	0.003121316207220493	0.0027835233857890647	0.002686928499173711	0.0016293388575349937	0.0015472094995423913	0.0005185295679218772	0.001540221226637336	0.0004955119985714125	0.00044488288849115095	0.005227295011738826	0.00026623555480129846	0.00522747360706582	0.0012333609182681733	0.005665777306400334	0.0	0.001507371830773022	0.004130856640573013	0.003546259540567154	0.00503974810728007	0.0019670595386861315	0.0012652426490450956	0.00218864501342801	0.013469152063653634	0.0020493742914368058	0.005248249632676732	0.0004384792789121089	0.00043805654070592945	0.005433087081217889	0.00312820349817542	0.0007697889957004299	0.0007980635933692174	0.015902786793160685	0.003651609527195688	0.0008233184321967805	0.0009464702215647549	0.0008558753347794689	0.0002243680949888934	0.0016357517383380454	0.0007040019487876174	0.0009540192436891472	0.0014826280805750119	0.0010971752415828103	0.003019960838268873	0.0008860246062603756	0.0021023304054906067	0.002969361347524371	0.009887807921826763	0.0025129295151177186	0.002516320553306262	0.0029973631885034267	0.0030980469470991614	0.0007681012964486014	0.0007090223179503974	0.003044564852894437	0.00304787898203472	0.0003986600361863813	0.000310580908259475	0.0006389384736164037	0.0007184282068606784	0.003100953082783116	0.0021725384277072293	0.003057167820415215	0.0034553872709209774	0.003490663904322347	0.0035656035867311425	0.0014293274136186382	0.00345661368093494	0.00124142898230177	0.0023396904538303606	0.0042320456112688734	0.004237614111268874	0.005941306357235084	0.03074495864782522	0.029897541511268874	0.0333299533407171	0.034594889495316854	0.008956699967462015	0.005123732590550946	0.004635401711268874	0.006606331033394449	0.006380785735949002	0.005456104150254975	0.006521980629663355	0.026097339511268875	0.004226472111268874	0.004454198835846416
B1-B1ed-B1bw-B14h-B1au-B14b	1438328	0.0012569617409398616	0.003415971533548531	0.0034066863527608456	0.0032998507357471984	0.0022507993191942417	0.002166443289343197	0.0013230181157952614	0.0021660405589802013	0.0013205340062268042	0.0010628957620154229	0.005845889183903613	0.0015617621310218452	0.006713982679986004	0.0018658782028958096	0.006275257550784765	0.001507371830773022	0.0	0.004741466191925353	0.00388931149233163	0.0056492385214135755	0.002575528659207721	0.0018912867870673924	0.0023617561013782313	0.014077621184175222	0.002304415944692758	0.005856718753198322	0.0010692161195041488	0.001069638857710328	0.00604369663257023	0.0037417249346694123	0.0007377320201540838	0.0014273997724935507	0.016511255913682275	0.0042643520436350104	0.0014513466713289662	0.0012879040281806784	0.00122972740165129	0.0014437846156049286	0.0016650620789747262	0.0010864806607717684	0.0009415523757272818	0.0020991456397800937	0.0014146981747144263	0.0036382246749830046	0.0011042657663301008	0.00223578209770069	0.0035850566762587986	0.010496277042348352	0.003126871936189143	0.002558006330210937	0.0036095907698497683	0.003711160446606018	0.0013978801114457604	0.0010091177072178346	0.0036686031644023076	0.00366073314348293	0.0011087191938467145	0.0015581327212138068	0.001203393653057438	0.0011873103660142252	0.003412115739913171	0.0027931893200140974	0.003081717437366852	0.00406867407089873	0.004108419393470389	0.003860953830983897	0.002053312567059393	0.004069168063481041	0.0018556086149346058	0.0029579111595261446	0.004843093631080675	0.004848223662621214	0.006551915908587423	0.03135342776834681	0.030506010631790467	0.03393842246123868	0.03520335861583844	0.009565169087983605	0.005732201711072535	0.005243870831790462	0.007214800153916037	0.006989254856470591	0.006064573270776563	0.007130449750184943	0.026705808631790465	0.004850764549895032	0.005078491274472574
B5aj/B1do-B1-B1er	1438329	0.0038804465507398522	0.00680412189672717	0.006030171162560836	0.005918897910077888	0.004874829266992833	0.004789928099143187	0.004319373482628142	0.0047895253687801915	0.004455947812927415	0.0036873913193251366	0.008467840279369133	0.004185557094291142	0.006903330692783776	0.004489363012695801	0.008882936859823646	0.004130856640573013	0.004741466191925353	0.0	0.006788760889190185	0.008270585803891763	0.005194379835404867	0.004514771596867383	0.005425712520867513	0.016691280131275278	0.005284403805793543	0.008466888493419067	0.00369270092930414	0.003693123667510319	0.0034370447272763136	0.006360593670432664	0.004017228489748095	0.004050884582293541	0.019124296566091804	0.004444604451409718	0.004074831481128957	0.004701664644538046	0.0046946361761254106	0.004067632540781844	0.004878491649955879	0.004524491002492183	0.004201875932543168	0.004722630449580084	0.004738001363997201	0.006260706344304139	0.004678319796384015	0.005336775478309437	0.00620717319662721	0.013097251397730457	0.005748161869752005	0.00575842890700083	0.003794669410177964	0.0038951717518147227	0.004021569480333933	0.003959790608890263	0.006291896605246169	0.006281143043401319	0.004182691949412129	0.004181933404339132	0.004128528826504699	0.004840829597366914	0.006342309393032274	0.005416674129814088	0.00629310523885032	0.006688403333995761	0.006731642844696443	0.00680238280908425	0.004676797376859384	0.004249784874855029	0.0028894276582712426	0.005581395969326135	0.007439560597870426	0.005026100526904619	0.004466107450066327	0.033951829363281005	0.03310441222672466	0.036536824056172874	0.03780176021077263	0.012163570682917799	0.008330603306006728	0.007842272426724655	0.00981320174885023	0.009587656451404783	0.008662974865710757	0.009728851345119138	0.029304210226724657	0.00746228187639472	0.007690008600972263
B1-B1x-B14d-B5dc-B1ao-B1dn-B1cn-B14b-B1cm	1443964	0.0032969583768075877	0.005979856997660936	0.005447370026489404	0.0020447345332566974	0.002521936519715688	0.0022856014304829075	0.003563048295148454	0.0042066563064319185	0.003616130020379921	0.003107242271612974	0.005596457245151194	0.003601075561582604	0.008759820104799816	0.0039054740294432403	0.00832353923666767	0.003546259540567154	0.00388931149233163	0.006788760889190185	0.0	0.007697413450275814	0.004624622691743383	0.0029995169500602447	0.0036919632111255497	0.01612663646676901	0.0035451782768792482	0.007905734035792105	0.0031095611017493002	0.003109138363543121	0.00809099132983506	0.002694602768901226	0.003434957176560084	0.00346678140322252	0.018560271196276058	0.006310292954828716	0.0031080306871507602	0.0036154537821971216	0.0035666895874350265	0.003483143029378121	0.002965495086115554	0.003686821654740576	0.0034537308353346143	0.004143382075826185	0.0034266629939516914	0.002759194606831267	0.0038187649918844588	0.0031745696098193746	0.00262807218782487	0.012545292324942135	0.0019239095706931296	0.002030237288464006	0.005655618863606961	0.005757099030956015	0.0034369181184895187	0.0031653177540163753	0.0007070865725709986	0.0025211014635109982	0.0035030046019308017	0.0035973320324967175	0.0035455019846035098	0.003780345076089564	0.0015041998454150905	0.004835854249462078	0.002175731369452219	0.0029548576857693722	0.0018494185131234392	0.003028128096904961	0.004094654605288895	0.006115158776709542	0.003901349038953633	0.005001508922206908	0.006890020231737305	0.006895518359886046	0.008599210605852257	0.03340244305094059	0.03255502591438424	0.035987437743832465	0.03725237389843222	0.01161418437057739	0.007781216993666318	0.007292886114384247	0.009263815436509821	0.009038270139064374	0.008113588553370348	0.009179465032778727	0.028754823914384248	0.006892024442972811	0.0071197511675503535
B1-B5de-B1br-B1dr-B1dq-B1ev	1438345	0.00478933801744691	0.005144455004837666	0.0032439962206913244	0.00683064200141156	0.00578317559570129	0.005698819565850245	0.0052281705776467055	0.005698416835487249	0.005364749897510897	0.004596019325304389	0.00937673174607619	0.005094363178074784	0.010243102291952416	0.005398254479402858	0.00980342347429771	0.00503974810728007	0.0056492385214135755	0.008270585803891763	0.007697413450275814	0.0	0.004933386466035672	0.0054236630635744396	0.006336267887452838	0.016434911057303284	0.006194358419719931	0.00715222096030619	0.004601592396011197	0.004602015134217376	0.009572816244536639	0.007272765726690903	0.004924724843646432	0.004959776049000599	0.01886854578681034	0.007793471655601422	0.004983722947836014	0.005610459749789685	0.005603425483696122	0.004976445623165766	0.005787145211824871	0.005433248309447167	0.0051106718279216225	0.0037760731903929605	0.005646807647740851	0.007169597811011197	0.005587088699860042	0.0055565937674497655	0.007116199821527313	0.005861253908946488	0.006658001666520044	0.0066673203737078884	0.007138710381816177	0.007240280058572427	0.004930256387952808	0.0048679862582425276	0.007200974842288942	0.007191778555376801	0.005091490025458252	0.005090756684683462	0.005037274722325933	0.0057496231032582975	0.007251452158602546	0.0028673760633807577	0.007203139181225329	0.007599964517814656	0.0076406762649393785	0.007712985021083706	0.005585688843566441	0.007598287675447452	0.005388125733820476	0.005304092528201103	0.007186900226452065	0.008377343274587624	0.010081035520553833	0.033710717641474874	0.03286330050491853	0.03629571233436675	0.03756064848896651	0.011922458961111668	0.006995429301722105	0.007601728638618415	0.00957192267939363	0.009346204300170425	0.008421863143904626	0.009487739623313006	0.029063098504918523	0.00838376184009797	0.008611488564675512
B1/B5	1437863	0.0017166494488529713	0.004640234830825895	0.003866374060673955	0.003754947842541696	0.0027104870271073512	0.0026261309972563066	0.0021554820090527674	0.0026257282668933103	0.0022920613289169585	0.0015232930475552442	0.006304043177482252	0.0020216746094808458	0.007165058548411685	0.002325565910808919	0.00672048933821238	0.0019670595386861315	0.002575528659207721	0.005194379835404867	0.004624622691743383	0.004933386466035672	0.0	0.0023509744949805015	0.003262329504881119	0.011502821052114786	0.003120336616216585	0.003281918621137886	0.001528903827417258	0.0015293265656234375	0.006494772500995911	0.004197343299203493	0.0018520362750524945	0.0018870874804066604	0.013936455781621839	0.004715427912060693	0.0019110343792420755	0.002537771181195747	0.002530736915102184	0.0019037570545718272	0.0027144566432309326	0.002360559740853227	0.0020379832593276853	0.002558833347693203	0.002574119079146912	0.004096909242417257	0.002514400131266104	0.0031729179271210582	0.004043310302499081	0.007921476910287915	0.003584235023966576	0.003594631805113949	0.00406066663827545	0.004162236315031699	0.0018575678193588697	0.0017952976896485888	0.0041282391421290435	0.004116819293102404	0.0020188014568643135	0.002018068116089524	0.0019645861537319954	0.0026769345346643594	0.004178607951904156	0.003252877027927208	0.004128908519072452	0.004524354753600467	0.00456781406723649	0.004638816134929207	0.0025130002749725023	0.004520243931906723	0.0023152963228477152	0.003417598867439254	0.0052944595581941815	0.005299299531046896	0.007002991777013105	0.028778627636286372	0.027931210499730026	0.03136362232917825	0.032628558483778006	0.006989640428775885	0.003156673051864814	0.0026683421725827426	0.004639426536552663	0.0044138551642342256	0.003489129803049696	0.004554921090977223	0.024131008499730027	0.005309934955944406	0.005537661680521947
