B1-B1as-B1ci	1438218	0	0.6548820791272305	0.5761305967350816	0.6997175070623235	0.5668351607693731	0.5392015199620009	0.5269041928742138	0.3898791518127228	0.4888902221955561	0.2931306030409544	0.36666949995750064	0.43999120017599647	0.8705232369190771	0.2931306030409544	1.0	0.7580060498487537	0.374272514549709	0.5994280114397712	0.868522629547409	1.0	0.6936707215247466	0.5991920242392729	1.0	0.41538876916846246	0.4087088693669595	0.6989390318290452	0.5034374484382734	0.6724681882952926	0.5578466323005155	1.0	0.2931270687293127	0.2931306030409544	1.0	1.0	0.858073548161296	1.0	0.691440799572015	1.0	0.2931306030409544	0.22775544489110217	1.0	1.0	1.0	1.0	1.0	0.5050374244386334	1.0	0.858433539161521	0.2931306030409544	0.6121896952576186	0.592502224933252	0.3959320813583728	0.5975000624984376	0.5546689066218675	0.45553088938221237	1.0	0.36848263034739304	0.5661208469788255	0.5121997560048799	0.6075698107547312	0.7392504299828007	0.7131100411485598	0.8086147846303843	0.6476105716828495	0.5614987700245995	0.7449163770905728	0.7944651383715408	0.29945050824237635	0.2395214071788923	0.6917492475225743	0.6440906772796816	0.4499510009799804	0.49912252193695156	0.4800329991750206	0.5759906002349942	0.679901203457879	0.34439983400248997	0.6858778530536737	0.6587202383928482	0.6994190174294771	0.6445888852778681	0.380902381952361	1.0	0.8207335853282934	1.0	0.2931306030409544	0.4018849528761781
B1-B1g-B1by-B1bw-B1dm-B1au-B1bz-B1s-B14h	1438237	0.6548820791272305	0	0.5783068677252909	0.6997220111195552	0.6548872556372182	0.654883804647814	0.31650075746591405	0.6548803535893923	0.32103376381826637	0.5691529254122376	0.6548803535893923	0.5588954386596469	0.8705251789928403	0.6548803535893923	1.0	0.7580096796128155	0.5588954386596469	0.4215402460913868	0.8685246016389426	1.0	0.6936753162341883	0.6548855301511431	1.0	0.6548803535893923	0.6548803535893923	0.6989435475403607	0.6548803535893923	0.6724731010759569	0.6548803535893923	1.0	0.6548786280342992	0.6548803535893923	1.0	1.0	0.8580756769729211	1.0	0.6914454277286136	1.0	0.6548803535893923	0.6548820791272305	0.9065323366915827	1.0	1.0	1.0	1.0	0.6548803535893923	1.0	0.858435662573497	0.6548803535893923	0.24496020159193632	0.24496397662105204	0.3925712600058998	0.654883804647814	0.24495642652507163	0.34094306699265525	1.0	0.5614153504627338	0.32103715851365944	0.6548820791272305	0.24496020159193632	0.6457894815785132	0.7131143442827859	0.8086176552937883	0.6548855301511431	0.6548820791272305	0.7449202031918724	0.7944682212711491	0.6548803535893923	0.6548803535893923	0.6917538710758016	0.6548855301511431	0.3296534621288255	0.39257429702811886	0.3169073237070517	0.32555697772089115	0.679906004699765	0.6548803535893923	0.6858825646974122	0.6587253573589188	0.6994235259413326	0.654883804647814	0.6548820791272305	1.0	0.820736274230402	1.0	0.6548803535893923	0.5614175432982681
B1-B1br-B5dx-B5eb-B1gs-B1dq-B1g	1438246	0.5761305967350816	0.5783068677252909	0	0.6997190084297471	0.5761369545218191	0.5761327160185195	0.5761348352807651	0.5761284774304514	0.5761305967350816	0.5761284774304514	0.5761284774304514	0.5761305967350816	0.8705238842834715	0.5761284774304514	1.0	0.7580072597822065	0.5761305967350816	0.5994300142496437	0.8685232869178271	1.0	0.6936722531098756	0.40143094991675293	1.0	0.5761284774304514	0.5761284774304514	0.6989405370812022	0.5761284774304514	0.6724698259052229	0.5761284774304514	1.0	0.5761263581046284	0.5761284774304514	1.0	1.0	0.8580742577722669	1.0	0.6914423423063077	1.0	0.5761284774304514	0.5761305967350816	0.9234211486827698	1.0	1.0	1.0	1.0	0.5761284774304514	1.0	0.8584342469725909	0.5761284774304514	0.6121916342509724	0.5925042623508178	0.5761305967350816	0.5975020749377519	0.5761305967350816	0.5761305967350816	1.0	0.3830454238644034	0.5761327160185195	0.5761305967350816	0.6075717728468146	0.6626751796169172	0.7131114755409783	0.8086157415277542	0.6476123335683251	0.5761305967350816	0.7449176524704259	0.7944661660150195	0.5761284774304514	0.5761284774304514	0.6917507887223947	0.6440924567640133	0.5761305967350816	0.5761327160185195	0.5761327160185195	0.5761327160185195	0.6799028038878445	0.4596208075838483	0.6858794236172915	0.6587219447319344	0.6994205202817901	0.6445906622801316	0.5761305967350816	1.0	0.820734481637959	1.0	0.5761284774304514	0.4995550133495995
B1-B1co-B1ai-B1x-B14d-B1t-B1az-B14c	1438247	0.6997175070623235	0.6997220111195552	0.6997190084297471	0	0.21503139874405025	0.19153425397238083	0.6997205097821576	0.6997160056798865	0.6997175070623235	0.6997160056798865	0.5994980100397992	0.6997175070623235	0.8705238842834715	0.6997160056798865	1.0	0.7580072597822065	0.6997175070623235	0.6997175070623235	0.8685232869178271	1.0	0.49494020239190434	0.6997205097821576	1.0	0.6997160056798865	0.48243035139297213	0.5086971955981541	0.6997160056798865	0.43108706738797836	0.6997160056798865	1.0	0.6997145042824358	0.6997160056798865	1.0	1.0	0.8580742577722669	1.0	0.3308767649294028	1.0	0.6997160056798865	0.6997175070623235	1.0	1.0	1.0	1.0	1.0	0.6997160056798865	1.0	0.8584342469725909	0.6997160056798865	0.6197514074577762	0.6110636127735529	0.6997175070623235	0.4925952221433357	0.6997175070623235	0.6997175070623235	1.0	0.6997175070623235	0.5951521454356369	0.4949326266843329	0.6997190084297471	0.5626496807643656	0.43540258389664416	0.8086157415277542	0.38821141260055897	0.38915527111822207	0.7449176524704259	0.7944661660150195	0.6997160056798865	0.6997160056798865	0.49493767718129866	0.33087341943031995	0.6997175070623235	0.6997190084297471	0.6997190084297471	0.6182114536563903	0.39762409503619855	0.6997160056798865	0.16376508704738857	0.26323578674746384	0.5107171249006285	0.3532194034178975	0.6997175070623235	1.0	0.820734481637959	1.0	0.6997160056798865	0.6997190084297471
B1-B1ai-B1x-B1az-B14d-B1co-B1t	1438250	0.5668351607693731	0.6548872556372182	0.5761369545218191	0.21503139874405025	0	0.2060417583296668	0.56683949222285	0.5668329950101497	0.5668351607693731	0.5668329950101497	0.48696539103826886	0.5668351607693731	0.8705251789928403	0.5668329950101497	1.0	0.7580096796128155	0.5668351607693731	0.5994340198093067	0.8685246016389426	1.0	0.5054147292635368	0.5991980360883761	1.0	0.5668329950101497	0.296621101366959	0.5539000744966477	0.5668329950101497	0.4276828926842926	0.5668329950101497	1.0	0.5668308292292693	0.5668329950101497	1.0	1.0	0.8580756769729211	1.0	0.3767411629418529	1.0	0.5668329950101497	0.5668351607693731	1.0	1.0	1.0	1.0	1.0	0.5668329950101497	1.0	0.858435662573497	0.5668329950101497	0.532228710851566	0.503852326645301	0.5668351607693731	0.38655453781848725	0.5668351607693731	0.5668351607693731	1.0	0.5668351607693731	0.45844166233350664	0.3785717499887504	0.6075756969721211	0.5528945907975061	0.4976351182440878	0.8086176552937883	0.3860676269567869	0.34043308484203055	0.7449202031918724	0.7944682212711491	0.5668329950101497	0.5668329950101497	0.503492342844572	0.31235094420751064	0.5668351607693731	0.5668373265069397	0.5668373265069397	0.49449022039118434	0.4183590820458977	0.5668329950101497	0.26015959361625535	0.32698028588713507	0.5111619977101031	0.38304467821287147	0.5668351607693731	1.0	0.820736274230402	1.0	0.5668329950101497	0.5668373265069397
B1-B1co-B14d-B1t-B1ai-B1x	1438259	0.5392015199620009	0.654883804647814	0.5761327160185195	0.19153425397238083	0.2060417583296668	0	0.5392061277855275	0.5391992160156797	0.5392015199620009	0.5391992160156797	0.42724145517089657	0.5392015199620009	0.8705238842834715	0.5391992160156797	1.0	0.7580072597822065	0.5392015199620009	0.5994300142496437	0.8685232869178271	1.0	0.5069697212111516	0.5991940282090127	1.0	0.5391992160156797	0.36820263594728103	0.5151169709060183	0.5391992160156797	0.48729538113856585	0.5578488430231395	1.0	0.5391969120463193	0.5391992160156797	1.0	1.0	0.8580742577722669	1.0	0.40269389224431024	1.0	0.5391992160156797	0.5392015199620009	1.0	1.0	1.0	1.0	1.0	0.5391992160156797	1.0	0.8584342469725909	0.5391992160156797	0.5322240332790016	0.5087171948981786	0.5392015199620009	0.4265072047838565	0.5546711332216695	0.5392015199620009	1.0	0.5392015199620009	0.482335529934102	0.3434564135896603	0.6075717728468146	0.6554655040523176	0.5421183152673893	0.8086157415277542	0.34514291999780006	0.3276168095797605	0.7449176524704259	0.7944661660150195	0.5391992160156797	0.5391992160156797	0.4999475018374357	0.3469628563000295	0.5392015199620009	0.5392038238852834	0.5392038238852834	0.4944851654450366	0.38684452621895127	0.5391992160156797	0.31041068767936963	0.3615923442679506	0.5311964081257156	0.3747687569372919	0.5392015199620009	1.0	0.820734481637959	1.0	0.5391992160156797	0.5392038238852834
B1-B1by-B1bw-B1dm-B1au-B14b	1438261	0.5269041928742138	0.31650075746591405	0.5761348352807651	0.6997205097821576	0.56683949222285	0.5392061277855275	0	0.5269018274543137	0.16997490075297741	0.4124346891327717	0.5269018274543137	0.3916782496525104	0.8705245316413925	0.5269018274543137	1.0	0.7580084697035604	0.3916782496525104	0.31926042218733436	0.8685239442816716	1.0	0.6195771190296436	0.5991960321587136	1.0	0.5269018274543137	0.5269018274543137	0.6190652373905043	0.5269018274543137	0.592594259200928	0.557851053723657	1.0	0.5268994620107598	0.5269018274543137	1.0	1.0	0.8580749673761419	1.0	0.6914438850251738	1.0	0.5269018274543137	0.5269041928742138	1.0	1.0	1.0	1.0	1.0	0.5269018274543137	1.0	0.8584349547765828	0.5269018274543137	0.22446714364997225	0.1796928122875085	0.18248452546423607	0.5176268830590929	0.1224163275101747	0.2150935471935842	1.0	0.5269041928742138	0.24597639082632108	0.5269041928742138	0.19690810821621244	0.6593770311484426	0.7131129099190536	0.8086166984155555	0.6476140954361825	0.481625551233463	0.7449189278375257	0.7944671936482223	0.5269018274543137	0.5269018274543137	0.6917523299068037	0.6440942362305507	0.19138425847224583	0.1770688025919093	0.119520816771413	0.2442664506742264	0.6000279987400567	0.5269018274543137	0.6060037898673546	0.6587236510539578	0.6994220231190752	0.5647152349667761	0.5269041928742138	1.0	0.8207353779386618	1.0	0.5269018274543137	0.5269065582704605
B1-B1gy	1438266	0.3898791518127228	0.6548803535893923	0.5761284774304514	0.6997160056798865	0.5668329950101497	0.5391992160156797	0.5269018274543137	0	0.4888876666849997	0.3898761012389876	0.3898761012389876	0.4399884001739974	0.870522589548209	0.3898761012389876	1.0	0.7580048399032019	0.3898791518127228	0.5994260086098708	0.8685219721704175	1.0	0.6936691899243023	0.5991900202494937	1.0	0.41538584614153856	0.4087059129408706	0.6989375265618359	0.5034349656503435	0.6724665506689866	0.5578444215557844	1.0	0.3898730506347468	0.3898761012389876	1.0	1.0	0.8580728385432291	1.0	0.6914392568222953	1.0	0.3898761012389876	0.3898791518127228	1.0	1.0	1.0	1.0	1.0	0.5050349496505034	1.0	0.8584328313433731	0.3898761012389876	0.6121877562448751	0.5925001874953126	0.39592906106408404	0.5974980500389993	0.5546666799998	0.45552816707749383	1.0	0.3898791518127228	0.5661186776264475	0.5121973170402444	0.6075678486430272	0.7392491262805801	0.7131086067417978	0.8086138277234455	0.6476088097797555	0.5614965775513368	0.744915101697966	0.7944641107177857	0.3898761012389876	0.3898761012389876	0.6917477063073423	0.6440888977775555	0.44994825077623835	0.499120017599648	0.48003039939201214	0.5759884802303954	0.6798996030119097	0.3898761012389876	0.6858762824743505	0.6587185320366991	0.699417514562136	0.6445871082578348	0.3898791518127228	1.0	0.8207326890096649	1.0	0.3898761012389876	0.4018819623607528
B1-B1by-B1bw-B1dm-B14h	1438277	0.4888902221955561	0.32103376381826637	0.5761305967350816	0.6997175070623235	0.5668351607693731	0.5392015199620009	0.16997490075297741	0.4888876666849997	0	0.37867931981020286	0.4888876666849997	0.32284354312913743	0.8705232369190771	0.4888876666849997	1.0	0.7580060498487537	0.32284354312913743	0.39213215735685286	0.868522629547409	1.0	0.6936707215247466	0.5991920242392729	1.0	0.4888876666849997	0.4888876666849997	0.6989390318290452	0.5034374484382734	0.6724681882952926	0.5578466323005155	1.0	0.4888851111488885	0.4888876666849997	1.0	1.0	0.858073548161296	1.0	0.691440799572015	1.0	0.4888876666849997	0.4888902221955561	1.0	1.0	1.0	1.0	1.0	0.5050374244386334	1.0	0.858433539161521	0.4888876666849997	0.22883927901802456	0.17927462176134715	0.11790764184716306	0.5975000624984376	0.11939761204775905	0.18207635847283055	1.0	0.4888902221955561	0.1448513787155321	0.5121997560048799	0.1905502362440939	0.7392504299828007	0.7131100411485598	0.8086147846303843	0.6476105716828495	0.5614987700245995	0.7449163770905728	0.7944651383715408	0.4888876666849997	0.4888876666849997	0.6917492475225743	0.6440906772796816	0.16064678706425872	0.13117172070698233	0.1716107097322567	0.198600034999125	0.679901203457879	0.4888876666849997	0.6858778530536737	0.6587202383928482	0.6994190174294771	0.6445888852778681	0.4888902221955561	1.0	0.8207335853282934	1.0	0.4888876666849997	0.488892777680558
B1-B1bw	1438278	0.2931306030409544	0.5691529254122376	0.5761284774304514	0.6997160056798865	0.5668329950101497	0.5391992160156797	0.4124346891327717	0.3898761012389876	0.37867931981020286	0	0.36666633333666665	0.4399884001739974	0.870522589548209	0.2896071039289607	1.0	0.7580048399032019	0.3742693859592106	0.4516182257266141	0.8685219721704175	1.0	0.6936691899243023	0.5991900202494937	1.0	0.41538584614153856	0.4087059129408706	0.6989375265618359	0.5034349656503435	0.6724665506689866	0.5578444215557844	1.0	0.26707366463167687	0.26707732922670774	1.0	1.0	0.8580728385432291	1.0	0.6914392568222953	1.0	0.26707732922670774	0.3575796363054554	1.0	1.0	1.0	1.0	1.0	0.5050349496505034	1.0	0.8584328313433731	0.26707732922670774	0.5138997220055599	0.4864328391790205	0.26767098493522595	0.5974980500389993	0.42544861827072594	0.3311300330495043	1.0	0.3684794728079079	0.4670206595868083	0.5121973170402444	0.49459010819783605	0.7392491262805801	0.7131086067417978	0.8086138277234455	0.6476088097797555	0.5614965775513368	0.744915101697966	0.7944641107177857	0.2994470055299447	0.36181638183618164	0.6917477063073423	0.6440888977775555	0.3263801042984355	0.39602207955840885	0.32638347233055337	0.4653106937861243	0.6798996030119097	0.34439655603443964	0.6858762824743505	0.6587185320366991	0.699417514562136	0.6445871082578348	0.3808992865107023	1.0	0.8207326890096649	1.0	0.2834771652283477	0.4018819623607528
B1/B14d	1438303	0.36666949995750064	0.6548803535893923	0.5761284774304514	0.5994980100397992	0.48696539103826886	0.42724145517089657	0.5269018274543137	0.3898761012389876	0.4888876666849997	0.36666633333666665	0	0.4399884001739974	0.870522589548209	0.36666633333666665	1.0	0.7580048399032019	0.3742693859592106	0.5994260086098708	0.8685219721704175	1.0	0.590752277431677	0.5991900202494937	1.0	0.41538584614153856	0.4087059129408706	0.6989375265618359	0.5034349656503435	0.6724665506689866	0.5578444215557844	1.0	0.3666631666841666	0.36666633333666665	1.0	1.0	0.8580728385432291	1.0	0.5878623641290761	1.0	0.36666633333666665	0.36666949995750064	1.0	1.0	1.0	1.0	1.0	0.5050349496505034	1.0	0.8584328313433731	0.36666633333666665	0.6121877562448751	0.5925001874953126	0.39592906106408404	0.5974980500389993	0.5546666799998	0.45552816707749383	1.0	0.3684794728079079	0.5661186776264475	0.31374029389559155	0.6075678486430272	0.7392491262805801	0.7131086067417978	0.8086138277234455	0.535601609959751	0.43218851717224244	0.744915101697966	0.7944641107177857	0.36666633333666665	0.36666633333666665	0.5837304067398315	0.5118322041948952	0.44994825077623835	0.499120017599648	0.48003039939201214	0.5759884802303954	0.5505934821955342	0.36666633333666665	0.5822683546329074	0.5450813729656758	0.6149796255093622	0.5257394852102958	0.3808992865107023	1.0	0.8207326890096649	1.0	0.36666633333666665	0.4018819623607528
B1-B1by-B1hs-B10b	1438320	0.43999120017599647	0.5588954386596469	0.5761305967350816	0.6997175070623235	0.5668351607693731	0.5392015199620009	0.3916782496525104	0.4399884001739974	0.32284354312913743	0.4399884001739974	0.4399884001739974	0	0.8705232369190771	0.4399884001739974	1.0	0.7580060498487537	0.12111757764844704	0.5994280114397712	0.868522629547409	1.0	0.6936707215247466	0.5991920242392729	1.0	0.4399884001739974	0.4399884001739974	0.6989390318290452	0.5034374484382734	0.6724681882952926	0.5578466323005155	1.0	0.43998560014399857	0.4399884001739974	1.0	1.0	0.858073548161296	1.0	0.691440799572015	1.0	0.4399884001739974	0.43999120017599647	1.0	1.0	1.0	1.0	1.0	0.5050374244386334	1.0	0.858433539161521	0.4399884001739974	0.500862478438039	0.4679959601211964	0.26704465910681785	0.5975000624984376	0.4213815723685526	0.45553088938221237	1.0	0.43999120017599647	0.45658358541036476	0.5121997560048799	0.4885527861803455	0.7392504299828007	0.7131100411485598	0.8086147846303843	0.6476105716828495	0.5614987700245995	0.7449163770905728	0.7944651383715408	0.4399884001739974	0.4399884001739974	0.6917492475225743	0.6440906772796816	0.2993540129197416	0.345766355841104	0.3844553886152846	0.40944476388090295	0.679901203457879	0.4399884001739974	0.6858778530536737	0.6587202383928482	0.6994190174294771	0.6445888852778681	0.43999120017599647	1.0	0.8207335853282934	1.0	0.4399884001739974	0.43999400014999623
B1ht-B1hv-B5eh-B1-B1hu-B1do	1438321	0.8705232369190771	0.8705251789928403	0.8705238842834715	0.8705238842834715	0.8705251789928403	0.8705238842834715	0.8705245316413925	0.870522589548209	0.8705232369190771	0.870522589548209	0.870522589548209	0.8705232369190771	0	0.870522589548209	1.0	0.8705238842834715	0.8705232369190771	0.8705232369190771	0.7652158696032599	1.0	0.8705251789928403	0.8705245316413925	1.0	0.870522589548209	0.870522589548209	0.8705245316413925	0.870522589548209	0.8705238842834715	0.870522589548209	1.0	0.8705219421708674	0.870522589548209	1.0	1.0	0.7652170434886953	1.0	0.8705251789928403	1.0	0.870522589548209	0.8705232369190771	1.0	1.0	1.0	1.0	0.7435438468422974	0.870522589548209	0.8946931592052239	0.7652170434886953	0.870522589548209	0.8705238842834715	0.8705245316413925	0.8705232369190771	0.8705238842834715	0.8705232369190771	0.8705232369190771	1.0	0.8705232369190771	0.8705238842834715	0.8705232369190771	0.8705238842834715	0.8705258263378148	0.8705251789928403	0.8705238842834715	0.8705245316413925	0.8705232369190771	0.7652170434886953	0.7652170434886953	0.870522589548209	0.870522589548209	0.8705245316413925	0.8705245316413925	0.8705232369190771	0.8705238842834715	0.8705238842834715	0.8705238842834715	0.8705251789928403	0.870522589548209	0.8705238842834715	0.8705245316413925	0.8705245316413925	0.8705238842834715	0.8705232369190771	1.0	0.7652158696032599	1.0	0.7652146957060859	0.8705238842834715
B1/B1cg	1438322	0.2931306030409544	0.6548803535893923	0.5761284774304514	0.6997160056798865	0.5668329950101497	0.5391992160156797	0.5269018274543137	0.3898761012389876	0.4888876666849997	0.2896071039289607	0.36666633333666665	0.4399884001739974	0.870522589548209	0	1.0	0.6149477010459791	0.3742693859592106	0.5994260086098708	0.8685219721704175	1.0	0.6936691899243023	0.5991900202494937	1.0	0.41538584614153856	0.4087059129408706	0.6989375265618359	0.5034349656503435	0.6724665506689866	0.5578444215557844	1.0	0.2896035519822401	0.2896071039289607	1.0	1.0	0.8580728385432291	1.0	0.6914392568222953	1.0	0.2896071039289607	0.24088138677919832	1.0	1.0	1.0	1.0	1.0	0.5050349496505034	1.0	0.8584328313433731	0.2896071039289607	0.6121877562448751	0.5925001874953126	0.39592906106408404	0.5974980500389993	0.5546666799998	0.45552816707749383	1.0	0.3684794728079079	0.5661186776264475	0.5121973170402444	0.6075678486430272	0.7392491262805801	0.7131086067417978	0.8086138277234455	0.6476088097797555	0.5614965775513368	0.744915101697966	0.7944641107177857	0.2994470055299447	0.36181638183618164	0.6917477063073423	0.6440888977775555	0.44994825077623835	0.499120017599648	0.48003039939201214	0.5759884802303954	0.6798996030119097	0.34439655603443964	0.6858762824743505	0.6587185320366991	0.699417514562136	0.6445871082578348	0.3808992865107023	1.0	0.8207326890096649	1.0	0.2896071039289607	0.4018819623607528
B2-B2f-B19bn-B2m	1438323	1.0	1.0	1.0	1.0	1.0	1.0	1.0	1.0	1.0	1.0	1.0	1.0	1.0	1.0	0	1.0	1.0	1.0	1.0	1.0	1.0	1.0	1.0	1.0	1.0	1.0	1.0	1.0	1.0	1.0	1.0	1.0	0.49930751038734417	1.0	1.0	1.0	1.0	1.0	1.0	1.0	1.0	1.0	1.0	1.0	1.0	0.499310013799724	1.0	1.0	1.0	1.0	1.0	1.0	1.0	1.0	1.0	1.0	1.0	1.0	1.0	1.0	1.0	1.0	1.0	1.0	1.0	1.0	1.0	1.0	1.0	1.0	1.0	1.0	1.0	1.0	1.0	1.0	1.0	1.0	1.0	1.0	1.0	1.0	1.0	1.0	1.0	1.0	1.0
B1hx-B1-B1o-B1cg-B1hy	1438326	0.7580060498487537	0.7580096796128155	0.7580072597822065	0.7580072597822065	0.7580096796128155	0.7580072597822065	0.7580084697035604	0.7580048399032019	0.7580060498487537	0.7580048399032019	0.7580048399032019	0.7580060498487537	0.8705238842834715	0.6149477010459791	1.0	0	0.7580060498487537	0.7580060498487537	0.8685232869178271	1.0	0.7580096796128155	0.7580084697035604	1.0	0.7580048399032019	0.7580048399032019	0.7580084697035604	0.7580048399032019	0.7580072597822065	0.7580048399032019	1.0	0.7580036299455508	0.7580048399032019	1.0	1.0	0.8580742577722669	1.0	0.7580096796128155	1.0	0.7580048399032019	0.6413089672758181	1.0	1.0	1.0	1.0	1.0	0.7580048399032019	1.0	0.8584342469725909	0.7580048399032019	0.7580072597822065	0.7580084697035604	0.7580060498487537	0.7580072597822065	0.7580060498487537	0.7580060498487537	1.0	0.7580060498487537	0.7580072597822065	0.7580060498487537	0.7580072597822065	0.7580108895099721	0.7580096796128155	0.8086157415277542	0.7580084697035604	0.7580060498487537	0.7580072597822065	0.7944661660150195	0.7580048399032019	0.7580048399032019	0.7580084697035604	0.7580084697035604	0.7580060498487537	0.7580072597822065	0.7580072597822065	0.7580072597822065	0.7580096796128155	0.7580048399032019	0.7580072597822065	0.7580084697035604	0.7580084697035604	0.7580072597822065	0.7580060498487537	1.0	0.820734481637959	1.0	0.7580048399032019	0.7580072597822065
B1-B1by-B1hs	1438327	0.374272514549709	0.5588954386596469	0.5761305967350816	0.6997175070623235	0.5668351607693731	0.5392015199620009	0.3916782496525104	0.3898791518127228	0.32284354312913743	0.3742693859592106	0.3742693859592106	0.12111757764844704	0.8705232369190771	0.3742693859592106	1.0	0.7580060498487537	0	0.5994280114397712	0.868522629547409	1.0	0.6936707215247466	0.5991920242392729	1.0	0.41538876916846246	0.4087088693669595	0.6989390318290452	0.5034374484382734	0.6724681882952926	0.5578466323005155	1.0	0.37426625733742663	0.3742693859592106	1.0	1.0	0.858073548161296	1.0	0.691440799572015	1.0	0.3742693859592106	0.374272514549709	1.0	1.0	1.0	1.0	1.0	0.5050374244386334	1.0	0.858433539161521	0.3742693859592106	0.500862478438039	0.4679959601211964	0.2229855402891942	0.5975000624984376	0.4213815723685526	0.45553088938221237	1.0	0.374272514549709	0.45658358541036476	0.5121997560048799	0.4885527861803455	0.7392504299828007	0.7131100411485598	0.8086147846303843	0.6476105716828495	0.5614987700245995	0.7449163770905728	0.7944651383715408	0.3742693859592106	0.3742693859592106	0.6917492475225743	0.6440906772796816	0.2993540129197416	0.345766355841104	0.3844553886152846	0.40944476388090295	0.679901203457879	0.3742693859592106	0.6858778530536737	0.6587202383928482	0.6994190174294771	0.6445888852778681	0.380902381952361	1.0	0.8207335853282934	1.0	0.3742693859592106	0.4018849528761781
B1-B1ed-B1bw-B14h-B1au-B14b	1438328	0.5994280114397712	0.4215402460913868	0.5994300142496437	0.6997175070623235	0.5994340198093067	0.5994300142496437	0.31926042218733436	0.5994260086098708	0.39213215735685286	0.4516182257266141	0.5994260086098708	0.5994280114397712	0.8705232369190771	0.5994260086098708	1.0	0.7580060498487537	0.5994280114397712	0	0.868522629547409	1.0	0.6195733149339773	0.5994320170394888	1.0	0.5994260086098708	0.5994260086098708	0.6049318520444387	0.5994260086098708	0.581390465238369	0.5994260086098708	1.0	0.5994240057599424	0.5994260086098708	1.0	1.0	0.858073548161296	1.0	0.691440799572015	1.0	0.43695844562331565	0.5994280114397712	1.0	1.0	1.0	1.0	1.0	0.5994260086098708	1.0	0.858433539161521	0.5994260086098708	0.34776630584235396	0.31650050498485044	0.4711705765884682	0.5050123746906328	0.27946441071178574	0.29227415451690963	1.0	0.5994280114397712	0.40324491887702807	0.5994280114397712	0.3019974500637484	0.6459141634334626	0.7131100411485598	0.8086147846303843	0.6476105716828495	0.505009899802004	0.7449163770905728	0.7944651383715408	0.5994260086098708	0.46663800042999354	0.6917492475225743	0.6440906772796816	0.31077378452430954	0.4963325916852079	0.3539761505962351	0.2974775630609235	0.5996740114096006	0.5994260086098708	0.5914602134946626	0.6587202383928482	0.6994190174294771	0.5556711082222945	0.5994280114397712	1.0	0.8207335853282934	1.0	0.5994260086098708	0.5994300142496437
B5aj/B1do-B1-B1er	1438329	0.868522629547409	0.8685246016389426	0.8685232869178271	0.8685232869178271	0.8685246016389426	0.8685232869178271	0.8685239442816716	0.8685219721704175	0.868522629547409	0.8685219721704175	0.8685219721704175	0.868522629547409	0.7652158696032599	0.8685219721704175	1.0	0.8685232869178271	0.868522629547409	0.868522629547409	0	1.0	0.8685246016389426	0.8685239442816716	1.0	0.8685219721704175	0.8685219721704175	0.8685239442816716	0.8685219721704175	0.8685232869178271	0.8685219721704175	1.0	0.8685213147868521	0.8685219721704175	1.0	1.0	0.39541511462213447	1.0	0.8685246016389426	1.0	0.8685219721704175	0.868522629547409	1.0	1.0	1.0	1.0	1.0	0.8685219721704175	0.49311267218319543	0.5819304517387065	0.8685219721704175	0.8685232869178271	0.8685239442816716	0.868522629547409	0.8685232869178271	0.868522629547409	0.868522629547409	1.0	0.868522629547409	0.8685232869178271	0.868522629547409	0.8685232869178271	0.8685252589896404	0.8685246016389426	0.8685232869178271	0.8685239442816716	0.868522629547409	0.5777405564860878	0.5690507737306567	0.8685219721704175	0.8685219721704175	0.8685239442816716	0.8685239442816716	0.868522629547409	0.8685232869178271	0.8685232869178271	0.8685232869178271	0.8685246016389426	0.8685219721704175	0.8685232869178271	0.8685239442816716	0.8685239442816716	0.8685232869178271	0.868522629547409	1.0	0.5422091558168837	1.0	0.5850462243066354	0.8685232869178271
B6/B19i/B6e/B6g-B6b-B19af-B6a-B19as	1438332	1.0	1.0	1.0	1.0	1.0	1.0	1.0	1.0	1.0	1.0	1.0	1.0	1.0	1.0	1.0	1.0	1.0	1.0	1.0	0	1.0	1.0	1.0	1.0	1.0	1.0	1.0	1.0	1.0	1.0	1.0	1.0	1.0	1.0	1.0	0.2675029623666935	1.0	1.0	1.0	1.0	1.0	1.0	1.0	1.0	1.0	1.0	1.0	1.0	1.0	1.0	1.0	1.0	1.0	1.0	1.0	1.0	1.0	1.0	1.0	1.0	1.0	1.0	1.0	1.0	1.0	1.0	1.0	1.0	1.0	1.0	1.0	1.0	1.0	1.0	1.0	1.0	1.0	1.0	1.0	1.0	1.0	1.0	1.0	1.0	1.0	1.0	1.0
B1-B1x-B14d-B5dc-B1ao-B1dn-B1cn-B14b-B1cm	1443964	0.6936707215247466	0.6936753162341883	0.6936722531098756	0.49494020239190434	0.5054147292635368	0.5069697212111516	0.6195771190296436	0.6936691899243023	0.6936707215247466	0.6936691899243023	0.590752277431677	0.6936707215247466	0.8705251789928403	0.6936691899243023	1.0	0.7580096796128155	0.6936707215247466	0.6195733149339773	0.8685246016389426	1.0	0	0.6936737846796894	1.0	0.6936691899243023	0.5806025819225423	0.5117819698113585	0.6936691899243023	0.5065097396104156	0.6936691899243023	1.0	0.6936676583085423	0.6936691899243023	1.0	1.0	0.8580756769729211	1.0	0.47769611519424027	1.0	0.6936691899243023	0.6936707215247466	1.0	1.0	1.0	1.0	1.0	0.6936691899243023	1.0	0.858435662573497	0.6936691899243023	0.6137054517819287	0.605017774200161	0.6936707215247466	0.42457301707931683	0.6936707215247466	0.6936707215247466	1.0	0.6936707215247466	0.5806067757289708	0.47768828091016813	0.6936722531098756	0.5661638609876457	0.5133443327833608	0.8086176552937883	0.3909874055667495	0.40359087431939883	0.7449202031918724	0.7944682212711491	0.6936691899243023	0.6936691899243023	0.14936827842747077	0.47769350379232933	0.6936707215247466	0.6936722531098756	0.6936722531098756	0.6121655133794648	0.15686215689215538	0.6936691899243023	0.41772329106835726	0.47769350379232933	0.171337289821958	0.40359385624575017	0.6936707215247466	1.0	0.820736274230402	1.0	0.6936691899243023	0.6936722531098756
B1-B5de-B1br-B1dr-B1dq-B1ev	1438345	0.5991920242392729	0.6548855301511431	0.40143094991675293	0.6997205097821576	0.5991980360883761	0.5991940282090127	0.5991960321587136	0.5991900202494937	0.5991920242392729	0.5991900202494937	0.5991900202494937	0.5991920242392729	0.8705245316413925	0.5991900202494937	1.0	0.7580084697035604	0.5991920242392729	0.5994320170394888	0.8685239442816716	1.0	0.6936737846796894	0	1.0	0.5991900202494937	0.5991900202494937	0.6989420423183073	0.5991900202494937	0.6724714634987775	0.4313242168945776	1.0	0.5991880162396752	0.5991900202494937	1.0	1.0	0.8580749673761419	1.0	0.6914438850251738	1.0	0.5991900202494937	0.5991920242392729	1.0	1.0	1.0	1.0	1.0	0.5991900202494937	1.0	0.8584349547765828	0.5991900202494937	0.6121935732249372	0.5991960321587136	0.5991920242392729	0.5991940282090127	0.5991920242392729	0.5991920242392729	1.0	0.4702058938231853	0.5991940282090127	0.5991920242392729	0.6075737349192778	0.7392530373481326	0.7131129099190536	0.6407525736599219	0.6476140954361825	0.5991920242392729	0.7449189278375257	0.7944671936482223	0.5991900202494937	0.5991900202494937	0.6917523299068037	0.6440942362305507	0.5991920242392729	0.5991940282090127	0.5991940282090127	0.5991940282090127	0.6799044043018064	0.36715582110447237	0.6858809941652042	0.6587236510539578	0.6994220231190752	0.6445924392646257	0.5991920242392729	1.0	0.8207353779386618	1.0	0.5991900202494937	0.5991940282090127
B5-B5b-B5a-B5d-B5c-B5f-B5g-B5l-B5e	1437857	1.0	1.0	1.0	1.0	1.0	1.0	1.0	1.0	1.0	1.0	1.0	1.0	1.0	1.0	1.0	1.0	1.0	1.0	1.0	1.0	1.0	1.0	0	0.6831695049148525	1.0	1.0	1.0	1.0	1.0	0.6831695049148525	1.0	1.0	1.0	0.68316792080198	1.0	1.0	1.0	1.0	1.0	1.0	1.0	0.6491122810701625	0.6599936002559897	1.0	1.0	1.0	1.0	1.0	1.0	1.0	1.0	1.0	1.0	1.0	1.0	0.5846945356912508	1.0	1.0	1.0	1.0	1.0	1.0	1.0	1.0	1.0	1.0	1.0	1.0	1.0	1.0	1.0	1.0	1.0	1.0	1.0	1.0	1.0	1.0	1.0	1.0	1.0	1.0	0.6831710890118846	1.0	1.0	1.0	1.0
B1/B5	1437863	0.41538876916846246	0.6548803535893923	0.5761284774304514	0.6997160056798865	0.5668329950101497	0.5391992160156797	0.5269018274543137	0.41538584614153856	0.4888876666849997	0.41538584614153856	0.41538584614153856	0.4399884001739974	0.870522589548209	0.41538584614153856	1.0	0.7580048399032019	0.41538876916846246	0.5994260086098708	0.8685219721704175	1.0	0.6936691899243023	0.5991900202494937	0.6831695049148525	0	0.41538584614153856	0.6989375265618359	0.5034349656503435	0.6724665506689866	0.5578444215557844	0.5846141538584614	0.41538292308538455	0.41538584614153856	1.0	0.5846120769396153	0.8580728385432291	1.0	0.6914392568222953	1.0	0.41538584614153856	0.41538876916846246	1.0	0.7475837862432063	0.7584648307033859	1.0	1.0	0.5050349496505034	1.0	0.8584328313433731	0.41538584614153856	0.6121877562448751	0.5925001874953126	0.41538876916846246	0.5974980500389993	0.5546666799998	0.45552816707749383	0.6648450273245902	0.41538876916846246	0.5661186776264475	0.5121973170402444	0.6075678486430272	0.7392491262805801	0.7131086067417978	0.8086138277234455	0.6476088097797555	0.5614965775513368	0.744915101697966	0.7944641107177857	0.41538584614153856	0.41538584614153856	0.6917477063073423	0.6440888977775555	0.44994825077623835	0.499120017599648	0.48003039939201214	0.5759884802303954	0.6798996030119097	0.41538584614153856	0.6858762824743505	0.6587185320366991	0.699417514562136	0.6445871082578348	0.41538876916846246	0.5846162307565387	0.8207326890096649	1.0	0.41538584614153856	0.4153916921661567
B1-B1ai-B1x	1438378	0.4087088693669595	0.6548803535893923	0.5761284774304514	0.48243035139297213	0.296621101366959	0.36820263594728103	0.5269018274543137	0.4087059129408706	0.4888876666849997	0.4087059129408706	0.4087059129408706	0.4399884001739974	0.870522589548209	0.4087059129408706	1.0	0.7580048399032019	0.4087088693669595	0.5994260086098708	0.8685219721704175	1.0	0.5806025819225423	0.5991900202494937	1.0	0.41538584614153856	0	0.5850603734906628	0.5034349656503435	0.5526789464210716	0.5578444215557844	1.0	0.4087029564852176	0.4087059129408706	1.0	1.0	0.8580728385432291	1.0	0.5727428177154685	1.0	0.4087059129408706	0.4087088693669595	1.0	1.0	1.0	1.0	1.0	0.5050349496505034	1.0	0.8584328313433731	0.4087059129408706	0.5322193556128877	0.5038424039399015	0.4087088693669595	0.3645327093458131	0.5546666799998	0.45552816707749383	1.0	0.4087088693669595	0.4464910701785964	0.32656010159847604	0.6075678486430272	0.6402525911593094	0.48991530254092375	0.8086138277234455	0.5133821654458639	0.39748903766443505	0.744915101697966	0.7944641107177857	0.4087059129408706	0.4087059129408706	0.5664108397290067	0.49460263493412665	0.44994825077623835	0.499120017599648	0.48003039939201214	0.49448011039779205	0.5624931252062438	0.4087059129408706	0.49625007499850005	0.5363515912102197	0.5560910977225569	0.502789944201116	0.4087088693669595	1.0	0.8207326890096649	1.0	0.4087059129408706	0.40871182576348475
B1-B1x-B1t-B14b-B1af-B1ae-B1ag-B1bh-B1be	1437890	0.6989390318290452	0.6989435475403607	0.6989405370812022	0.5086971955981541	0.5539000744966477	0.5151169709060183	0.6190652373905043	0.6989375265618359	0.6989390318290452	0.6989375265618359	0.6989375265618359	0.6989390318290452	0.8705245316413925	0.6989375265618359	1.0	0.7580084697035604	0.6989390318290452	0.6049318520444387	0.8685239442816716	1.0	0.5117819698113585	0.6989420423183073	1.0	0.6989375265618359	0.5850603734906628	0	0.6989375265618359	0.15902943396981106	0.6989375265618359	1.0	0.6989360212795744	0.6989375265618359	1.0	1.0	0.8580749673761419	1.0	0.23899424525896334	1.0	0.6989375265618359	0.6989390318290452	1.0	1.0	1.0	1.0	1.0	0.6989375265618359	1.0	0.8584349547765828	0.6989375265618359	0.6189733359332423	0.610285588576457	0.6989390318290452	0.4910578129765458	0.6989390318290452	0.6989390318290452	1.0	0.6989390318290452	0.5850645227417041	0.5850624481265562	0.6989405370812022	0.4019399030048498	0.599238034288457	0.8086166984155555	0.5850665973361066	0.49105526834194974	0.7449189278375257	0.7944671936482223	0.6989375265618359	0.6989375265618359	0.5850665973361066	0.406173753049878	0.6989390318290452	0.6989405370812022	0.6989405370812022	0.6174333898313559	0.5048422820973056	0.6989375265618359	0.5059972900948467	0.4047038118475261	0.5855465781368745	0.49614763483278085	0.6989390318290452	1.0	0.8207353779386618	1.0	0.6989375265618359	0.6989405370812022
B19/B1	1438403	0.5034374484382734	0.6548803535893923	0.5761284774304514	0.6997160056798865	0.5668329950101497	0.5391992160156797	0.5269018274543137	0.5034349656503435	0.5034374484382734	0.5034349656503435	0.5034349656503435	0.5034374484382734	0.870522589548209	0.5034349656503435	1.0	0.7580048399032019	0.5034374484382734	0.5994260086098708	0.8685219721704175	1.0	0.6936691899243023	0.5991900202494937	1.0	0.5034349656503435	0.5034349656503435	0.6989375265618359	0	0.6724665506689866	0.5578444215557844	1.0	0.5034324828375858	0.5034349656503435	1.0	1.0	0.8580728385432291	1.0	0.6914392568222953	0.49656251718741407	0.5034349656503435	0.5034374484382734	1.0	1.0	1.0	1.0	1.0	0.5050349496505034	1.0	0.8584328313433731	0.5034349656503435	0.6121877562448751	0.5925001874953126	0.5034374484382734	0.5974980500389993	0.5546666799998	0.5034374484382734	1.0	0.5034374484382734	0.5661186776264475	0.5121973170402444	0.6075678486430272	0.7392491262805801	0.7131086067417978	0.8086138277234455	0.6476088097797555	0.5614965775513368	0.744915101697966	0.7944641107177857	0.5034349656503435	0.5034349656503435	0.6917477063073423	0.6440888977775555	0.5034374484382734	0.503439931201376	0.503439931201376	0.5759884802303954	0.6798996030119097	0.5034349656503435	0.6858762824743505	0.6587185320366991	0.699417514562136	0.6445871082578348	0.5034374484382734	1.0	0.8207326890096649	1.0	0.5034349656503435	0.503439931201376
B1-B1x-B1t-B1az-B1ae-B14b-B1ag-B1af	1437893	0.6724681882952926	0.6724731010759569	0.6724698259052229	0.43108706738797836	0.4276828926842926	0.48729538113856585	0.592594259200928	0.6724665506689866	0.6724681882952926	0.6724665506689866	0.6724665506689866	0.6724681882952926	0.8705238842834715	0.6724665506689866	1.0	0.7580072597822065	0.6724681882952926	0.581390465238369	0.8685232869178271	1.0	0.5065097396104156	0.6724714634987775	1.0	0.6724665506689866	0.5526789464210716	0.15902943396981106	0.6724665506689866	0	0.6724665506689866	1.0	0.6724649130263046	0.6724665506689866	1.0	1.0	0.8580742577722669	1.0	0.125064997400104	1.0	0.6724665506689866	0.6724681882952926	1.0	1.0	1.0	1.0	1.0	0.6724665506689866	1.0	0.8584342469725909	0.6724665506689866	0.592502224933252	0.5838145664901728	0.6724681882952926	0.4616061518154455	0.6724681882952926	0.6724681882952926	1.0	0.6724681882952926	0.552843414697559	0.5526811829704258	0.6724698259052229	0.4618142183601738	0.5970061197552098	0.8086157415277542	0.5526856560020399	0.46160345991350216	0.7449176524704259	0.7944661660150195	0.6724665506689866	0.6724665506689866	0.5719649812256571	0.2627258045968391	0.6724681882952926	0.6724698259052229	0.6724698259052229	0.5909622711318661	0.4822707091716331	0.6724665506689866	0.41291761247162584	0.26132585359512417	0.5796347127850525	0.4637660870173895	0.6724681882952926	1.0	0.820734481637959	1.0	0.6724665506689866	0.6724698259052229
B5de/B1	1438413	0.5578466323005155	0.6548803535893923	0.5761284774304514	0.6997160056798865	0.5668329950101497	0.5578488430231395	0.557851053723657	0.5578444215557844	0.5578466323005155	0.5578444215557844	0.5578444215557844	0.5578466323005155	0.870522589548209	0.5578444215557844	1.0	0.7580048399032019	0.5578466323005155	0.5994260086098708	0.8685219721704175	1.0	0.6936691899243023	0.4313242168945776	1.0	0.5578444215557844	0.5578444215557844	0.6989375265618359	0.5578444215557844	0.6724665506689866	0	1.0	0.557842210788946	0.5578444215557844	1.0	1.0	0.8580728385432291	1.0	0.6914392568222953	1.0	0.5578444215557844	0.5578466323005155	1.0	1.0	1.0	1.0	1.0	0.5578444215557844	1.0	0.8584328313433731	0.5578444215557844	0.6121877562448751	0.5925001874953126	0.5578466323005155	0.5974980500389993	0.5578466323005155	0.5578466323005155	1.0	0.5578466323005155	0.5661186776264475	0.5578466323005155	0.6075678486430272	0.7392491262805801	0.7131086067417978	0.3626127477450451	0.6476088097797555	0.5614965775513368	0.744915101697966	0.7944641107177857	0.5578444215557844	0.5578444215557844	0.6917477063073423	0.6440888977775555	0.5578466323005155	0.5578488430231395	0.5578488430231395	0.5759884802303954	0.6798996030119097	0.5578444215557844	0.6858762824743505	0.6587185320366991	0.699417514562136	0.6445871082578348	0.5578466323005155	1.0	0.8207326890096649	1.0	0.5578444215557844	0.5578488430231395
B5-B5ay	1438417	1.0	1.0	1.0	1.0	1.0	1.0	1.0	1.0	1.0	1.0	1.0	1.0	1.0	1.0	1.0	1.0	1.0	1.0	1.0	1.0	1.0	1.0	0.6831695049148525	0.5846141538584614	1.0	1.0	1.0	1.0	1.0	0	1.0	1.0	1.0	0.2559237203813981	1.0	1.0	1.0	1.0	1.0	1.0	1.0	0.7475837862432063	0.7584648307033859	1.0	1.0	1.0	1.0	1.0	1.0	1.0	1.0	1.0	1.0	1.0	1.0	0.6648450273245902	1.0	1.0	1.0	1.0	1.0	1.0	1.0	1.0	1.0	1.0	1.0	1.0	1.0	1.0	1.0	1.0	1.0	1.0	1.0	1.0	1.0	1.0	1.0	1.0	1.0	1.0	0.5174672379914301	1.0	1.0	1.0	1.0
