A4-A4ct-A4cs-A4q	1437265	0	0.5761263581046284	0.5761284774304514	1.0	1.0	1.0	1.0	0.5935360969585456	0.5761284774304514	0.6328391790205244	0.5761242387576124	1.0	0.6330091747706308
A4-A4j	1437377	0.5761263581046284	0	0.42134867976980345	1.0	1.0	1.0	1.0	0.5935340646593534	0.557546636800448	0.6328373432531349	0.31729341353293233	1.0	0.6330073398532029
A4-A4a-A4ah	1437416	0.5761284774304514	0.42134867976980345	0	1.0	1.0	1.0	1.0	0.5935360969585456	0.39244215115697684	0.391995200119997	0.42134578654213456	1.0	0.5045923851903702
A13-A1pt	1437467	1.0	1.0	1.0	0	0.15022849771502286	0.15022849771502286	0.23332150017749734	0.40646593534064657	1.0	1.0	1.0	0.1502242488787556	1.0
A13-A1pu	1437471	1.0	1.0	1.0	0.15022849771502286	0	0.14260857391426085	0.1291230631540527	0.40646593534064657	1.0	1.0	1.0	0.10419447902760486	1.0
A13-A1py	1437472	1.0	1.0	1.0	0.15022849771502286	0.14260857391426085	0	0.23332150017749734	0.40646593534064657	1.0	1.0	1.0	0.14260428697856511	1.0
A13-A1pu-A1pv	1437474	1.0	1.0	1.0	0.23332150017749734	0.1291230631540527	0.23332150017749734	0	0.4064689029664555	1.0	1.0	1.0	0.23331766682333177	1.0
A13/A4	1437533	0.5935360969585456	0.5935340646593534	0.5935360969585456	0.40646593534064657	0.40646593534064657	0.40646593534064657	0.4064689029664555	0	0.5935360969585456	0.6328373432531349	0.5935320323398383	0.40646296768516155	0.6330073398532029
A4-A4.3-A4a-A4e	1437125	0.5761284774304514	0.557546636800448	0.39244215115697684	1.0	1.0	1.0	1.0	0.5935360969585456	0	0.21146971325716857	0.5575444245557545	1.0	0.1861203469913252
A4-A4a-A4.3-A4s-A4e	1437126	0.6328391790205244	0.6328373432531349	0.391995200119997	1.0	1.0	1.0	1.0	0.6328373432531349	0.21146971325716857	0	0.632835507467388	1.0	0.2483325500234993
A4	1437649	0.5761242387576124	0.31729341353293233	0.42134578654213456	1.0	1.0	1.0	1.0	0.5935320323398383	0.5575444245557545	0.632835507467388	0	1.0	0.6330055049174262
A13	1437661	1.0	1.0	1.0	0.1502242488787556	0.10419447902760486	0.14260428697856511	0.23331766682333177	0.40646296768516155	1.0	1.0	1.0	0	1.0
A4/A4.3-A4e-A4a-A4o-A4bg	1437180	0.6330091747706308	0.6330073398532029	0.5045923851903702	1.0	1.0	1.0	1.0	0.6330073398532029	0.1861203469913252	0.2483325500234993	0.6330055049174262	1.0	0
