D1-D4-D4c-D2-D1c-D17d-D1r	1442884	0.0	0.0015316003352947615	0.0015120313175754276	0.0016551813172558112	0.0026007620785649227	0.00255173000997601	0.0007282987995155273	0.0016773607266190105	0.002285756692265391	0.0016314489774992573	0.0004559555862980251	0.00290365145682672	0.002103538398111266	0.004366720202369052	0.0053411702421431425	0.0033195741897441024	0.0031417629202889815	0.0023702582766806824	0.003351379522271092
D1-D4-D4c-D1c-D1k-D2	1442416	0.0015316003352947615	0.0	0.0006224229509447167	0.0007957196959612116	0.0017112225278348241	0.0016932710532146294	0.0018373015535039488	0.0007879877761478155	0.0013962972618814357	0.0007418540613515945	0.0015290194778066583	0.002014158442551239	0.0012140148060481855	0.005898249395631773	0.0068726994354058645	0.0033917000175530047	0.0023143138336434547	0.0014808869086873938	0.0025242320480455866
D1/D4/D2-D4c-D1c	1442420	0.0015120313175754276	0.0006224229509447167	0.0	0.0005837743825852245	0.0013829895499983948	0.0012372274859080161	0.001695230132760172	0.0005563498388552482	0.0007741430303209037	0.0003587082671798461	0.0011468707585324403	0.0013918560554373725	0.0007136937124462661	0.00587875151994448	0.006853201559718571	0.003372202141865711	0.0020243822225743282	0.00112851811923423	0.0025043400905828254
D1-D4-D4c-D1c-D6	1442463	0.0016551813172558112	0.0007957196959612116	0.0005837743825852245	0.0	0.0009461285078358187	0.0009130753334106706	0.0019907625242027395	0.0009410436421032839	0.0013578962192642209	0.0008000737306608017	0.0015143238889533139	0.001975606445220438	0.0012195226728381485	0.00602139997080922	0.006995850010583311	0.003514850592730451	0.002245209937457468	0.0016337046723482957	0.002646944354703589
D1-D4-D6-D4c-D4f	1442471	0.0026007620785649227	0.0017112225278348241	0.0013829895499983948	0.0009461285078358187	0.0	0.00047998466877078	0.002228961726429169	0.0011547419454009198	0.0018978108570387982	0.0016770166046182016	0.0023913345235463306	0.002497873171985603	0.00209642613958152	0.00696719998041687	0.007941499680326905	0.004460681503155138	0.0016971915847030594	0.0025106983061027512	0.003592984020025995
D1-D4-D6-D4c-D4f-D1h	1444023	0.00255173000997601	0.0016932710532146294	0.0012372274859080161	0.0009130753334106706	0.00047998466877078	0.0	0.0021881406466728614	0.0010693168583620542	0.0015175852051177471	0.0012966821501456702	0.0023147497140795646	0.002249322128579834	0.0019068833763873977	0.006868805114464215	0.00784310481437425	0.004362305916313475	0.0019063780312397055	0.0022750673441574464	0.0034946201165333866
D1-D4-D4c-D4f-D1c-D17d	1444025	0.0007282987995155273	0.0018373015535039488	0.001695230132760172	0.0019907625242027395	0.002228961726429169	0.0021881406466728614	0.0	0.001163690336303434	0.002469150229961012	0.0018147032305708287	0.0005484923343396979	0.0030869756698833324	0.0022868527786264123	0.004822464646452541	0.005796906903595406	0.003976175305563495	0.0028704745692327786	0.002481880126312106	0.00364773023130061
D1-D4-D4c-D1c-D4f	1442511	0.0016773607266190105	0.0007879877761478155	0.0005563498388552482	0.0009410436421032839	0.0011547419454009198	0.0010693168583620542	0.001163690336303434	0.0	0.001330479092685224	0.0006799502998070764	0.0014809663253941695	0.001948168973275345	0.001148001895274447	0.005986144446841557	0.0069605944866156485	0.0034795950687627887	0.0017960890619176165	0.0013566315372730354	0.0026116483124175166
D1-D4-D4c-D2-D1ox	1443023	0.002285756692265391	0.0013962972618814357	0.0007741430303209037	0.0013578962192642209	0.0018978108570387982	0.0015175852051177471	0.002469150229961012	0.001330479092685224	0.0	0.0008909011449465161	0.001920692485244427	0.001700909453151602	0.0014000629341097673	0.006652266447212893	0.007626485647722169	0.004145828624511973	0.002539544339949116	0.0017225746062381289	0.003278362157192842
D1/D4-D4c-D2-D1c-D1h	1442603	0.0016314489774992573	0.0007418540613515945	0.0003587082671798461	0.0008000737306608017	0.0016770166046182016	0.0012966821501456702	0.0018147032305708287	0.0006799502998070764	0.0008909011449465161	0.0	0.0013395024415075478	0.0016475339255382024	0.0009063652357492753	0.0059981350446270745	0.006972585084401166	0.0034915900480007637	0.0023186703798271525	0.001222449643277017	0.0026238389806558034
D1-D4-D4c-D2-D1c-D17d	1442640	0.0004559555862980251	0.0015290194778066583	0.0011468707585324403	0.0015143238889533139	0.0023913345235463306	0.0023147497140795646	0.0005484923343396979	0.0014809663253941695	0.001920692485244427	0.0013395024415075478	0.0	0.0025385089278659387	0.001758832619314206	0.004731908753014558	0.005706358792788648	0.0037754088117716326	0.0030328583567740684	0.0021737451996501054	0.003411226530470859
D1-D4-D4c-D2-D1ip	1442671	0.00290365145682672	0.002014158442551239	0.0013918560554373725	0.001975606445220438	0.002497873171985603	0.002249322128579834	0.0030869756698833324	0.001948168973275345	0.001700909453151602	0.0016475339255382024	0.0025385089278659387	0.0	0.0008001670780008979	0.007270202926688775	0.008244466786665638	0.004763765103987855	0.003139609410677864	0.0023402644868282495	0.0038960966972505493
D1-D4-D4c-D2-D1c-D1ip	1442672	0.002103538398111266	0.0012140148060481855	0.0007136937124462661	0.0012195226728381485	0.00209642613958152	0.0019068833763873977	0.0022868527786264123	0.001148001895274447	0.0014000629341097673	0.0009063652357492753	0.001758832619314206	0.0008001670780008979	0.0	0.006470258600480319	0.00744470864025441	0.0039637092224015505	0.002738060339699191	0.001632590289443167	0.0030959473410676797
D1-D4-D4c-D17d-D1c-D1r-D17c-D17e-D17j	1443229	0.004366720202369052	0.005898249395631773	0.00587875151994448	0.00602139997080922	0.00696719998041687	0.006868805114464215	0.004822464646452541	0.005986144446841557	0.006652266447212893	0.0059981350446270745	0.004731908753014558	0.007270202926688775	0.006470258600480319	0.0	0.0010412473483706517	0.0056195568916333465	0.007094919082674028	0.0060727967083639665	0.0062840348996901245
D1/D4/D17e-D17d-D4c-D1r-D17c-D17j	1442741	0.0053411702421431425	0.0068726994354058645	0.006853201559718571	0.006995850010583311	0.007941499680326905	0.00784310481437425	0.005796906903595406	0.0069605944866156485	0.007626485647722169	0.006972585084401166	0.005706358792788648	0.008244466786665638	0.00744470864025441	0.0010412473483706517	0.0	0.006594006931407438	0.008136146039201417	0.007047096408274004	0.007298520938464615
D1-D4-D1hg-D4c-D1c-D5ad-D1ju	1443262	0.0033195741897441024	0.0033917000175530047	0.003372202141865711	0.003514850592730451	0.004460681503155138	0.004362305916313475	0.003976175305563495	0.0034795950687627887	0.004145828624511973	0.0034915900480007637	0.0037754088117716326	0.004763765103987855	0.0039637092224015505	0.0056195568916333465	0.006594006931407438	0.0	0.004803009794159432	0.0035662693214887167	0.004233133135245902
D1-D4-D4f-D1c	1442784	0.0031417629202889815	0.0023143138336434547	0.0020243822225743282	0.002245209937457468	0.0016971915847030594	0.0019063780312397055	0.0028704745692327786	0.0017960890619176165	0.002539544339949116	0.0023186703798271525	0.0030328583567740684	0.003139609410677864	0.002738060339699191	0.007094919082674028	0.008136146039201417	0.004803009794159432	0.0	0.003152572552123068	0.002318047908388322
D1-D4-D1n-D4c	1442802	0.0023702582766806824	0.0014808869086873938	0.00112851811923423	0.0016337046723482957	0.0025106983061027512	0.0022750673441574464	0.002481880126312106	0.0013566315372730354	0.0017225746062381289	0.001222449643277017	0.0021737451996501054	0.0023402644868282495	0.001632590289443167	0.0060727967083639665	0.007047096408274004	0.0035662693214887167	0.003152572552123068	0.0	0.0026985164546835952
D1c	1443434	0.003351379522271092	0.0025242320480455866	0.0025043400905828254	0.002646944354703589	0.003592984020025995	0.0034946201165333866	0.00364773023130061	0.0026116483124175166	0.003278362157192842	0.0026238389806558034	0.003411226530470859	0.0038960966972505493	0.0030959473410676797	0.0062840348996901245	0.007298520938464615	0.004233133135245902	0.002318047908388322	0.0026985164546835952	0.0
