C3-C3fc-C21-C3cl-C3an-C3b	1441313	0	0.3700057498562536	1.0	1.0	0.4408911821763565	1.0	0.3701257468563286	0.369768906932792	0.3939581812545624	0.4000979970600882	0.3737219197328093	0.3300400987970361	0.705478835634931	0.25352239432817014	0.6431124910628128	0.359215631374745	1.0
C3-C21-C3hj-C3b	1443967	0.3700057498562536	0	1.0	1.0	0.10559447202763986	1.0	0.052139478605213944	0.03868441973370399	0.1714324285135723	0.07904381434278486	0.15911681766364671	0.09759353609695855	0.7054744178837318	0.1693124603130953	0.6431071378572428	0.11594210144746381	1.0
C3adm-C3adn	1442015	1.0	1.0	0	1.0	1.0	1.0	1.0	1.0	1.0	1.0	1.0	1.0	1.0	1.0	1.0	1.0	0.09413358799618006
C1/C1c-C1al-C1b	1438946	1.0	1.0	1.0	0	1.0	0.31508027379589304	1.0	1.0	1.0	1.0	1.0	1.0	0.5959680806383872	1.0	0.6505787355316117	1.0	1.0
C3	1442047	0.4408911821763565	0.10559447202763986	1.0	1.0	0	1.0	0.09584452077739611	0.11650883491165089	0.21836781632183677	0.15454845451545485	0.19885201721974172	0.16847831521684783	0.7054729452705473	0.24019759802401977	0.6431053534196987	0.16649667006659866	1.0
C1/C1b	1438517	1.0	1.0	1.0	0.31508027379589304	1.0	0	1.0	1.0	1.0	1.0	1.0	1.0	0.5959660605090924	1.0	0.6505769884602308	1.0	1.0
C3-C21-C3xx-C3cl-C3xw	1441591	0.3701257468563286	0.052139478605213944	1.0	1.0	0.09584452077739611	1.0	0	0.07339389909151363	0.1714324285135723	0.11375329370059449	0.15911681766364671	0.11236331455028174	0.7054744178837318	0.1840822387664185	0.6431071378572428	0.07621309467263318	1.0
C3-C3hj-C21-C3an	1441113	0.369768906932792	0.03868441973370399	1.0	1.0	0.11650883491165089	1.0	0.07339389909151363	0	0.17525649487010259	0.06836863262734745	0.13168170795730108	0.125367492650147	0.7054758904821904	0.16907661846763064	0.643108922276943	0.12338629841104767	1.0
C3-C3xs-C21-C3yu-C3zt	1441116	0.3939581812545624	0.1714324285135723	1.0	1.0	0.21836781632183677	1.0	0.1714324285135723	0.17525649487010259	0	0.14207715845683086	0.046953826154346144	0.17143657126857462	0.7054758904821904	0.19326613467730647	0.643108922276943	0.17144485665430037	1.0
C3-C3hj-C21-C3xs	1441118	0.4000979970600882	0.07904381434278486	1.0	1.0	0.15454845451545485	1.0	0.11375329370059449	0.06836863262734745	0.14207715845683086	0	0.12362190945226369	0.12768744625107498	0.7054758904821904	0.1994060118797624	0.643108922276943	0.12570622881313562	1.0
C3-C3xs-C21-C3yu-C3zt-C3an	1441120	0.3737219197328093	0.15911681766364671	1.0	1.0	0.19885201721974172	1.0	0.15911681766364671	0.13168170795730108	0.046953826154346144	0.12362190945226369	0	0.15912102197445063	0.7054773630659233	0.17303067423314417	0.6431107066787997	0.15912943046993355	1.0
C3/C21-C3b	1438597	0.3300400987970361	0.09759353609695855	1.0	1.0	0.16847831521684783	1.0	0.11236331455028174	0.125367492650147	0.17143657126857462	0.12768744625107498	0.15912102197445063	0	0.7054758904821904	0.12019759604807904	0.643108922276943	0.11793646190614282	1.0
C1/C42.2/C3	1439628	0.705478835634931	0.7054744178837318	1.0	0.5959680806383872	0.7054729452705473	0.5959660605090924	0.7054744178837318	0.7054758904821904	0.7054758904821904	0.7054758904821904	0.7054773630659233	0.7054758904821904	0	0.7054758904821904	0.24372890677733056	0.705478835634931	1.0
C3-C21-C3b-C3an	1439637	0.25352239432817014	0.1693124603130953	1.0	1.0	0.24019759802401977	1.0	0.1840822387664185	0.16907661846763064	0.19326613467730647	0.1994060118797624	0.17303067423314417	0.12019759604807904	0.7054758904821904	0	0.643108922276943	0.1896543103706889	1.0
C3/C1-C42.2-C3gl-C3gm-C1dl	1439648	0.6431124910628128	0.6431071378572428	1.0	0.6505787355316117	0.6431053534196987	0.6505769884602308	0.6431071378572428	0.643108922276943	0.643108922276943	0.643108922276943	0.6431107066787997	0.643108922276943	0.24372890677733056	0.643108922276943	0	0.6431124910628128	1.0
C3/C21-C3xx-C3cl-C3de-C3xw	1440694	0.359215631374745	0.11594210144746381	1.0	1.0	0.16649667006659866	1.0	0.07621309467263318	0.12338629841104767	0.17144485665430037	0.12570622881313562	0.15912943046993355	0.11793646190614282	0.705478835634931	0.1896543103706889	0.6431124910628128	0	1.0
C3adm-C3adn-C3ado-C3adp	1441787	1.0	1.0	0.09413358799618006	1.0	1.0	1.0	1.0	1.0	1.0	1.0	1.0	1.0	1.0	1.0	1.0	1.0	0
