C3-C3fc-C21-C3cl-C3an-C3b	1441313	0.0	0.003105522056107021	0.003106473240017995	0.002649844179462062	0.002689108600726412	0.006679415708317875	0.0035525536572333645	0.005873585308070565	0.0031054792307915052	0.007007836674703812	0.0028314400961953184	0.006727051917374787	0.0037770992568176777	0.006951701632670199	0.0074606252318003725	0.008407244527251823	0.006927538171560351
C3-C21-C3hj-C3b	1443967	0.003105522056107021	0.0	1.4765046990601876e-06	0.0034705349115676867	0.00041671056984032845	0.006522139255408918	0.0004476134733153369	0.006393256462685062	6.314863814558356e-07	0.0039036707157468504	0.0005887423239352129	0.0036233845911915205	0.004598238836112777	0.0038481011205558887	0.004357024719686063	0.005303078568294863	0.0038233722126033887
C3	1442047	0.003106473240017995	1.4765046990601876e-06	0.0	0.00347093923070386	0.0004179236350964903	0.006522966489962007	0.0004486280703959208	0.0063942240263494595	1.201079892010799e-06	0.0039039382622375524	0.0005892974129174165	0.0036238285024092773	0.004598583767126574	0.0038482038999999996	0.004357127499130174	0.005303346114785564	0.0038236397590940903
C3-C21-C3xx-C3cl-C3xw	1441591	0.002649844179462062	0.0034705349115676867	0.00347093923070386	0.0	0.0038870397225597856	0.005600324525904818	0.003917568500859828	0.005705893129816671	0.0034703541193689623	0.007373388590721857	0.004058517187512498	0.007093278830893581	0.00112770392454509	0.0073164668659568095	0.007825390465086984	0.008772796443269868	0.007293090087578394
C3-C3hj-C21-C3an	1441113	0.002689108600726412	0.00041671056984032845	0.0004179236350964903	0.0038870397225597856	0.0	0.00693851878720728	0.0008639138202707352	0.00613263302136913	0.0004172962978302169	0.004320008682655511	0.00017240410846112753	0.004039462566462872	0.005014693607817661	0.004264555892260774	0.004773479491390948	0.005719416535203523	0.004239710179512048
C3-C3xs-C21-C3yu-C3zt	1441116	0.006679415708317875	0.006522139255408918	0.006522966489962007	0.005600324525904818	0.00693851878720728	0.0	0.006075156855878824	0.0008059793480578183	0.006522432768349166	0.010423925348080385	0.007110369481763648	0.010143815588252109	0.006727466562827434	0.010368200383963206	0.010877123983093383	0.011823333200628398	0.01034362684493692
C3-C3hj-C21-C3xs	1441118	0.0035525536572333645	0.0004476134733153369	0.0004486280703959208	0.003917568500859828	0.0008639138202707352	0.006075156855878824	0.0	0.005946594107342853	0.0004482449596967928	0.004349512343431314	0.0010362464191261747	0.004069402583603039	0.005045049869916016	0.0042949121543591285	0.0048038357534893016	0.005748920195979325	0.004269213840287852
C3-C3xs-C21-C3yu-C3zt-C3an	1441120	0.005873585308070565	0.006393256462685062	0.0063942240263494595	0.005705893129816671	0.00613263302136913	0.0008059793480578183	0.005946594107342853	0.0	0.006393549011283992	0.010295477762397486	0.0063044751544865585	0.010015013344432468	0.0068331679823992655	0.010239614251819271	0.010748537850949445	0.0116948856149455	0.010215179259254026
C3/C21-C3b	1438597	0.0031054792307915052	6.314863814558356e-07	1.201079892010799e-06	0.0034703541193689623	0.0004172962978302169	0.006522432768349166	0.0004482449596967928	0.006393549011283992	0.0	0.00390406504955882	0.0005883172119573087	0.003623713962128825	0.0045980580439140524	0.0038479203283571643	0.004356843927487338	0.005303472902106832	0.0038237665464153584
C1/C42.2/C3	1439628	0.007007836674703812	0.0039036707157468504	0.0039039382622375524	0.007373388590721857	0.004320008682655511	0.010423925348080385	0.004349512343431314	0.010295477762397486	0.00390406504955882	0.0	0.004491928136662668	0.0026535114086017175	0.008500582017366526	0.007749334723725256	0.008258258322855429	0.003841182834569595	0.0023608354670425005
C3-C21-C3b-C3an	1439637	0.0028314400961953184	0.0005887423239352129	0.0005892974129174165	0.004058517187512498	0.00017240410846112753	0.007110369481763648	0.0010362464191261747	0.0063044751544865585	0.0005883172119573087	0.004491928136662668	0.0	0.004211335721630953	0.005185995557168565	0.004435857041771646	0.004944780640901819	0.005891335989210679	0.004411629633519205
C3/C1-C42.2-C3gl-C3gm-C1dl	1439648	0.006727051917374787	0.0036233845911915205	0.0036238285024092773	0.007093278830893581	0.004039462566462872	0.010143815588252109	0.004069402583603039	0.010015013344432468	0.003623713962128825	0.0026535114086017175	0.004211335721630953	0.0	0.00822047225753825	0.007469383796990902	0.007978307396121076	0.005119789655483355	0.0036401520791580714
C3/C21-C3xx-C3cl-C3de-C3xw	1440694	0.0037770992568176777	0.004598238836112777	0.004598583767126574	0.00112770392454509	0.005014693607817661	0.006727466562827434	0.005045049869916016	0.0068331679823992655	0.0045980580439140524	0.008500582017366526	0.005185995557168565	0.00822047225753825	0.0	0.008443149794701059	0.008952073393831233	0.009899989869914538	0.008420283514223064
C3adm-C3adn	1442015	0.006951701632670199	0.0038481011205558887	0.0038482038999999996	0.0073164668659568095	0.004264555892260774	0.010368200383963206	0.0042949121543591285	0.010239614251819271	0.0038479203283571643	0.007749334723725256	0.004435857041771646	0.007469383796990902	0.008443149794701059	0.0	0.0005102043429814037	0.009147550014785564	0.007667843659094091
C3adm-C3adn-C3ado-C3adp	1441787	0.0074606252318003725	0.004357024719686063	0.004357127499130174	0.007825390465086984	0.004773479491390948	0.010877123983093383	0.0048038357534893016	0.010748537850949445	0.004356843927487338	0.008258258322855429	0.004944780640901819	0.007978307396121076	0.008952073393831233	0.0005102043429814037	0.0	0.009656473613915738	0.008176767258224265
C1/C1c-C1al-C1b	1438946	0.008407244527251823	0.005303078568294863	0.005303346114785564	0.008772796443269868	0.005719416535203523	0.011823333200628398	0.005748920195979325	0.0116948856149455	0.005303472902106832	0.003841182834569595	0.005891335989210679	0.005119789655483355	0.009899989869914538	0.009147550014785564	0.009656473613915738	0.0	0.0014821621825670485
C1/C1b	1438517	0.006927538171560351	0.0038233722126033887	0.0038236397590940903	0.007293090087578394	0.004239710179512048	0.01034362684493692	0.004269213840287852	0.010215179259254026	0.0038237665464153584	0.0023608354670425005	0.004411629633519205	0.0036401520791580714	0.008420283514223064	0.007667843659094091	0.008176767258224265	0.0014821621825670485	0.0
