C3-C3fc-C21-C3cl-C3an-C3b	1441313	0.0	0.002106639265960212	0.002106940475597321	0.0015954035388246752	0.0019994068234677467	0.0030121221077576733	0.0022420907356213186	0.0027330018522366654	0.0021064129602192975	0.005956145527340067	0.0019273685610316908	0.005139313354863541	0.0013028978252440267	0.005953119583035089	0.006150212318757945	0.006812091025050525	0.005928611210959975
C3-C21-C3hj-C3b	1443967	0.002106639265960212	0.0	4.4036788963311005e-07	0.0006382439058703229	0.00010735100780269619	0.0024850759738578422	0.00013583972236837596	0.002269064979315139	4.111052155806113e-07	0.0038510150087556426	0.0002871354864140758	0.0030345563242327304	0.001498093059477849	0.0038481492164050782	0.0040452419521279336	0.004706960506466101	0.00382348069237555
C3	1442047	0.002106940475597321	4.4036788963311005e-07	0.0	0.0006383859824435117	0.00010771521581683663	0.002485363787513745	0.00013615935911408857	0.0022693733788384644	6.427357264273572e-07	0.003851101882693461	0.0002873671169249225	0.003034678187673698	0.001498248902608956	0.0038482038999999996	0.004045296635722856	0.004707047380403919	0.0038235675663133685
C3-C21-C3xx-C3cl-C3xw	1441591	0.0015954035388246752	0.0006382439058703229	0.0006383859824435117	0.0	0.0007455593066386727	0.0022123487975489187	0.0007739982346606115	0.0019963727925093643	0.0006383404558224086	0.004489103941921616	0.0009250932668842663	0.0036726802469018533	0.0008598741381537539	0.0044859344135372925	0.004683027149260149	0.005345049439632074	0.004461569625541523
C3-C3hj-C21-C3an	1441113	0.0019994068234677467	0.00010735100780269619	0.00010771521581683663	0.0007455593066386727	0.0	0.0025923141562999882	0.00024302852782197884	0.0021663794096364467	0.00010771847943768511	0.003958225016926614	0.00017992424663897973	0.0031416889443823563	0.0016053808350824613	0.003955422215196961	0.0041525149509198155	0.004814170514637073	0.003930690700546522
C3-C3xs-C21-C3yu-C3zt	1441116	0.0030121221077576733	0.0024850759738578422	0.002485363787513745	0.0022123487975489187	0.0025923141562999882	0.0	0.002349405890308849	0.00042594156121426527	0.002485069082164726	0.006334976117073147	0.00277184437039888	0.005518552422053384	0.0024038526876316462	0.006332323660721784	0.006529416396444638	0.007190921614783605	0.006307441800693054
C3-C3hj-C21-C3xs	1441118	0.0022420907356213186	0.00013583972236837596	0.00013615935911408857	0.0007739982346606115	0.00024302852782197884	0.002349405890308849	0.0	0.002133550693054244	0.00013605516953304667	0.003986116756256105	0.0004228763765982904	0.0031696930612363423	0.0016336267398752292	0.00398366332910709	0.004180756064829944	0.004842062253966563	0.003958582439876012
C3-C3xs-C21-C3yu-C3zt-C3an	1441120	0.0027330018522366654	0.002269064979315139	0.0022693733788384644	0.0019963727925093643	0.0021663794096364467	0.00042594156121426527	0.002133550693054244	0.0	0.0022690653114244936	0.006119318124386784	0.0023459560409959585	0.005302784473349428	0.002334474546541383	0.006116505907387045	0.0063135986431099005	0.0069752636220972416	0.006091783808006692
C3/C21-C3b	1438597	0.0021064129602192975	4.111052155806113e-07	6.427357264273572e-07	0.0006383404558224086	0.00010771847943768511	0.002485069082164726	0.00013605516953304667	0.0022690653114244936	0.0	0.003851133079573773	0.00028701485879874077	0.003034646990793386	0.0014979078671003517	0.003847960524337566	0.004045053260060422	0.004707078577284231	0.0038235987631936802
C1/C42.2/C3	1439628	0.005956145527340067	0.0038510150087556426	0.003851101882693461	0.004489103941921616	0.003958225016926614	0.006334976117073147	0.003986116756256105	0.006119318124386784	0.003851133079573773	0.0	0.004137810597139128	0.002202245950783034	0.005348683852075708	0.007696483947060588	0.007893576682783444	0.0031644442402619473	0.0022804051380290254
C3-C21-C3b-C3an	1439637	0.0019273685610316908	0.0002871354864140758	0.0002873671169249225	0.0009250932668842663	0.00017992424663897973	0.00277184437039888	0.0004228763765982904	0.0023459560409959585	0.00028701485879874077	0.004137810597139128	0.0	0.003321066198330501	0.0017848259000323439	0.004134734867769669	0.004331827603492525	0.004993756094849585	0.004110276280759035
C3/C1-C42.2-C3gl-C3gm-C1dl	1439648	0.005139313354863541	0.0030345563242327304	0.003034678187673698	0.0036726802469018533	0.0031416889443823563	0.005518552422053384	0.0031696930612363423	0.005302784473349428	0.003034646990793386	0.002202245950783034	0.003321066198330501	0.0	0.004532260157055944	0.006880479808357493	0.007077572544080348	0.003918616150403791	0.003035031572101632
C3/C21-C3xx-C3cl-C3de-C3xw	1440694	0.0013028978252440267	0.001498093059477849	0.001498248902608956	0.0008598741381537539	0.0016053808350824613	0.0024038526876316462	0.0016336267398752292	0.002334474546541383	0.0014979078671003517	0.005348683852075708	0.0017848259000323439	0.004532260157055944	0.0	0.005345220095691723	0.0055423128314145784	0.006204629349786166	0.005321149535695615
C3adm-C3adn	1442015	0.005953119583035089	0.0038481492164050782	0.0038482038999999996	0.0044859344135372925	0.003955422215196961	0.006332323660721784	0.00398366332910709	0.006116505907387045	0.003847960524337566	0.007696483947060588	0.004134734867769669	0.006880479808357493	0.005345220095691723	0.0	0.00019757283970205962	0.00855125128040392	0.0076677714663133684
C3adm-C3adn-C3ado-C3adp	1441787	0.006150212318757945	0.0040452419521279336	0.004045296635722856	0.004683027149260149	0.0041525149509198155	0.006529416396444638	0.004180756064829944	0.0063135986431099005	0.004045053260060422	0.007893576682783444	0.004331827603492525	0.007077572544080348	0.0055423128314145784	0.00019757283970205962	0.0	0.008748344016126775	0.007864864202036224
C1/C1c-C1al-C1b	1438946	0.006812091025050525	0.004706960506466101	0.004707047380403919	0.005345049439632074	0.004814170514637073	0.007190921614783605	0.004842062253966563	0.0069752636220972416	0.004707078577284231	0.0031644442402619473	0.004993756094849585	0.003918616150403791	0.006204629349786166	0.00855125128040392	0.008748344016126775	0.0	0.0008852999848029334
C1/C1b	1438517	0.005928611210959975	0.00382348069237555	0.0038235675663133685	0.004461569625541523	0.003930690700546522	0.006307441800693054	0.003958582439876012	0.006091783808006692	0.0038235987631936802	0.0022804051380290254	0.004110276280759035	0.003035031572101632	0.005321149535695615	0.0076677714663133684	0.007864864202036224	0.0008852999848029334	0.0
