C3-C3fc-C21-C3cl-C3an-C3b	1441313	0	0.4390868273951781	1.0	1.0	0.6564968700625987	1.0	0.4509137271568211	0.4181274561763147	0.5314663986760464	0.5290617734556636	0.4608215671373145	0.4280542986425339	0.701848944531664	0.31516712082197945	0.7224311027558897	0.4412867613971581	1.0
C3-C21-C3hj-C3b	1443967	0.4390868273951781	0	1.0	1.0	0.3614663853361466	1.0	0.22144167837482437	0.12785744285114298	0.36297592560185993	0.17010244846327305	0.40546783596492103	0.11856322155167673	0.7018459630807384	0.24245136322955155	0.7224283271501855	0.3638427231455371	1.0
C3adm-C3adn	1442015	1.0	1.0	0	1.0	1.0	1.0	1.0	1.0	1.0	1.0	1.0	1.0	1.0	1.0	1.0	1.0	0.253391199132013
C1/C1c-C1al-C1b	1438946	1.0	1.0	1.0	0	1.0	0.3873661263387366	1.0	1.0	1.0	1.0	1.0	1.0	0.6169857452138218	1.0	0.7276968075798105	1.0	1.0
C3	1442047	0.6564968700625987	0.3614663853361466	1.0	1.0	0	1.0	0.3721631391843041	0.3804061959380406	0.4880076798848017	0.41610291948540257	0.5124997500049999	0.3319533402332988	0.7018429815701843	0.4853525732371338	0.7224255514889703	0.4849251507484925	1.0
C1/C1b	1438517	1.0	1.0	1.0	0.3873661263387366	1.0	0	1.0	1.0	1.0	1.0	1.0	1.0	0.6169857452138218	1.0	0.7276968075798105	1.0	1.0
C3-C21-C3xx-C3cl-C3xw	1441591	0.4509137271568211	0.22144167837482437	1.0	1.0	0.3721631391843041	1.0	0	0.2464213036804448	0.3629727405451891	0.2886671133288667	0.40546486337841553	0.22143778562214378	0.701844472332915	0.3346266537334627	0.7224269393265168	0.14240286395704063	1.0
C3-C3hj-C21-C3an	1441113	0.4181274561763147	0.12785744285114298	1.0	1.0	0.3804061959380406	1.0	0.2464213036804448	0	0.36297592560185993	0.15133273000904987	0.31682049538513846	0.2464213036804448	0.7018459630807384	0.2422813657795133	0.7224283271501855	0.3638427231455371	1.0
C3-C3xs-C21-C3yu-C3zt	1441116	0.5314663986760464	0.36297592560185993	1.0	1.0	0.4880076798848017	1.0	0.3629727405451891	0.36297592560185993	0	0.24595508089838203	0.08864189753358633	0.3629727405451891	0.7018474538136547	0.3629727405451891	0.7224297149599764	0.3669258268543286	1.0
C3-C3hj-C21-C3xs	1441118	0.5290617734556636	0.17010244846327305	1.0	1.0	0.41610291948540257	1.0	0.2886671133288667	0.15133273000904987	0.24595508089838203	0	0.2884477888052799	0.2886671133288667	0.701844472332915	0.3579164208357916	0.7224269393265168	0.3638395424068639	1.0
C3-C3xs-C21-C3yu-C3zt-C3an	1441120	0.4608215671373145	0.40546783596492103	1.0	1.0	0.5124997500049999	1.0	0.40546486337841553	0.31682049538513846	0.08864189753358633	0.2884477888052799	0	0.40546486337841553	0.701848944531664	0.3168170795730107	0.7224311027558897	0.40546783596492103	1.0
C3/C21-C3b	1438597	0.4280542986425339	0.11856322155167673	1.0	1.0	0.3319533402332988	1.0	0.22143778562214378	0.2464213036804448	0.3629727405451891	0.2886671133288667	0.40546486337841553	0	0.701844472332915	0.1902080979190208	0.7224269393265168	0.3638395424068639	1.0
C1/C42.2/C3	1439628	0.701848944531664	0.7018459630807384	1.0	0.6169857452138218	0.7018429815701843	0.6169857452138218	0.701844472332915	0.7018459630807384	0.7018474538136547	0.701844472332915	0.701848944531664	0.701844472332915	0	0.701844472332915	0.3107506774796756	0.7018459630807384	1.0
C3-C21-C3b-C3an	1439637	0.31516712082197945	0.24245136322955155	1.0	1.0	0.4853525732371338	1.0	0.3346266537334627	0.2422813657795133	0.3629727405451891	0.3579164208357916	0.3168170795730107	0.1902080979190208	0.701844472332915	0	0.7224269393265168	0.36426953595696066	1.0
C3/C1-C42.2-C3gl-C3gm-C1dl	1439648	0.7224311027558897	0.7224283271501855	1.0	0.7276968075798105	0.7224255514889703	0.7276968075798105	0.7224269393265168	0.7224283271501855	0.7224297149599764	0.7224269393265168	0.7224311027558897	0.7224269393265168	0.3107506774796756	0.7224269393265168	0	0.7224283271501855	1.0
C3/C21-C3xx-C3cl-C3de-C3xw	1440694	0.4412867613971581	0.3638427231455371	1.0	1.0	0.4849251507484925	1.0	0.14240286395704063	0.3638427231455371	0.3669258268543286	0.3638395424068639	0.40546783596492103	0.3638395424068639	0.7018459630807384	0.36426953595696066	0.7224283271501855	0	1.0
C3adm-C3adn-C3ado-C3adp	1441787	1.0	1.0	0.253391199132013	1.0	1.0	1.0	1.0	1.0	1.0	1.0	1.0	1.0	1.0	1.0	1.0	1.0	0
