25
1          0.0000000 0.0038282 0.0038398 0.0076725 0.0078561 0.0115358 0.0076809 0.0115656 0.0076924 0.0115358 0.0115483 0.0077106 0.0076708 0.0271994 0.0115466 0.0076725 0.0232114 0.0352341 0.0116229 0.0116229 0.0155288 0.0116229 0.0193035 0.0115333 0.0271707 
2          0.0038282 0.0000000 0.0000010 0.0038162 0.0039066 0.0076494 0.0038203 0.0076690 0.0038259 0.0076494 0.0076576 0.0038349 0.0038154 0.0231873 0.0076565 0.0038162 0.0192387 0.0311482 0.0077061 0.0077061 0.0115835 0.0077061 0.0153601 0.0076477 0.0231632 
4          0.0038398 0.0000010 0.0000000 0.0038277 0.0039066 0.0076715 0.0038319 0.0076914 0.0038375 0.0076715 0.0076799 0.0038465 0.0038269 0.0232584 0.0076787 0.0038277 0.0192974 0.0312444 0.0077297 0.0077297 0.0116190 0.0077297 0.0154069 0.0076699 0.0232341 
32         0.0076725 0.0038162 0.0038277 0.0000000 0.0000010 0.0038127 0.0076576 0.0038224 0.0076690 0.0038127 0.0038168 0.0000010 0.0076477 0.0192612 0.0038162 0.0000010 0.0153423 0.0271669 0.0038412 0.0038412 0.0076972 0.0038412 0.0114838 0.0038119 0.0192415 
41         0.0078561 0.0039066 0.0039066 0.0000010 0.0000000 0.0039030 0.0078395 0.0039131 0.0078514 0.0039030 0.0039073 0.0000010 0.0078291 0.0197223 0.0039066 0.0000010 0.0157080 0.0278222 0.0039328 0.0039328 0.0078818 0.0039328 0.0117569 0.0039021 0.0197015 
23471      0.0115358 0.0076494 0.0076715 0.0038127 0.0039030 0.0000000 0.0115120 0.0076619 0.0076690 0.0076423 0.0076506 0.0038314 0.0114970 0.0231654 0.0076494 0.0038127 0.0192207 0.0311183 0.0076988 0.0076988 0.0115727 0.0076988 0.0153457 0.0076407 0.0231413 
308        0.0076809 0.0038203 0.0038319 0.0076576 0.0078395 0.0115120 0.0000000 0.0115417 0.0076764 0.0115120 0.0115245 0.0076945 0.0076560 0.0271426 0.0115227 0.0076576 0.0231632 0.0351598 0.0115988 0.0115988 0.0154964 0.0115988 0.0192640 0.0115095 0.0271140 
59         0.0115656 0.0076690 0.0076914 0.0038224 0.0039131 0.0076619 0.0115417 0.0000000 0.0115589 0.0076619 0.0076692 0.0038412 0.0115266 0.0232258 0.0076690 0.0038224 0.0192704 0.0312004 0.0077188 0.0077188 0.0116027 0.0077188 0.0153854 0.0076602 0.0232016 
828        0.0076924 0.0038259 0.0038375 0.0076690 0.0078514 0.0076690 0.0076764 0.0115589 0.0000000 0.0115292 0.0115417 0.0077061 0.0076673 0.0271841 0.0115399 0.0076690 0.0231983 0.0352145 0.0116162 0.0116162 0.0155198 0.0116162 0.0192930 0.0115266 0.0271554 
12353      0.0115358 0.0076494 0.0076715 0.0038127 0.0039030 0.0076423 0.0115120 0.0076619 0.0115292 0.0000000 0.0076506 0.0038314 0.0114970 0.0231654 0.0076494 0.0038127 0.0192207 0.0311183 0.0076988 0.0076988 0.0115727 0.0076988 0.0153457 0.0076407 0.0231413 
1354       0.0115483 0.0076576 0.0076799 0.0038168 0.0039073 0.0076506 0.0115245 0.0076692 0.0115417 0.0076506 0.0000000 0.0038355 0.0115095 0.0231906 0.0076576 0.0038168 0.0192415 0.0311523 0.0077073 0.0077073 0.0115853 0.0077073 0.0153624 0.0076489 0.0231664 
80         0.0077106 0.0038349 0.0038465 0.0000010 0.0000010 0.0038314 0.0076945 0.0038412 0.0077061 0.0038314 0.0038355 0.0000000 0.0076844 0.0193562 0.0038349 0.0000010 0.0154180 0.0273024 0.0038601 0.0038601 0.0077355 0.0038601 0.0115403 0.0038305 0.0193366 
17875      0.0076708 0.0038154 0.0038269 0.0076477 0.0078291 0.0114970 0.0076560 0.0115266 0.0076673 0.0114970 0.0115095 0.0076844 0.0000000 0.0271066 0.0115077 0.0076477 0.0231326 0.0351125 0.0115835 0.0115835 0.0154760 0.0115835 0.0192387 0.0114945 0.0270780 
37587      0.0271994 0.0231873 0.0232584 0.0192612 0.0197223 0.0231654 0.0271426 0.0232258 0.0271841 0.0231654 0.0231906 0.0193562 0.0271066 0.0000000 0.0153745 0.0192612 0.0192135 0.0076519 0.0233414 0.0233414 0.0272870 0.0233414 0.0153400 0.0231599 0.0231326 
21974      0.0115466 0.0076565 0.0076787 0.0038162 0.0039066 0.0076494 0.0115227 0.0076690 0.0115399 0.0076494 0.0076576 0.0038349 0.0115077 0.0153745 0.0000000 0.0038162 0.0192387 0.0232334 0.0077061 0.0077061 0.0115835 0.0077061 0.0153601 0.0076477 0.0231632 
2520       0.0076725 0.0038162 0.0038277 0.0000010 0.0000010 0.0038127 0.0076576 0.0038224 0.0076690 0.0038127 0.0038168 0.0000010 0.0076477 0.0192612 0.0038162 0.0000000 0.0153423 0.0271669 0.0038412 0.0038412 0.0076972 0.0038412 0.0114838 0.0038119 0.0192415 
1118       0.0232114 0.0192387 0.0192974 0.0153423 0.0157080 0.0192207 0.0231632 0.0192704 0.0231983 0.0192207 0.0192415 0.0154180 0.0231326 0.0192135 0.0192387 0.0153423 0.0000000 0.0270985 0.0193658 0.0193658 0.0232859 0.0193658 0.0037986 0.0114689 0.0037986 
45023      0.0352341 0.0311482 0.0312444 0.0271669 0.0278222 0.0311183 0.0351598 0.0312004 0.0352145 0.0311183 0.0311523 0.0273024 0.0351125 0.0076519 0.0232334 0.0271669 0.0270985 0.0000000 0.0313568 0.0313568 0.0353483 0.0313568 0.0231807 0.0311106 0.0310732 
5736931    0.0116229 0.0077061 0.0077297 0.0038412 0.0039328 0.0076988 0.0115988 0.0077188 0.0116162 0.0076988 0.0077073 0.0038601 0.0115835 0.0233414 0.0077061 0.0038412 0.0193658 0.0313568 0.0000000 0.0000010 0.0038168 0.0000010 0.0154615 0.0076972 0.0233169 
5736932    0.0116229 0.0077061 0.0077297 0.0038412 0.0039328 0.0076988 0.0115988 0.0077188 0.0116162 0.0076988 0.0077073 0.0038601 0.0115835 0.0233414 0.0077061 0.0038412 0.0193658 0.0313568 0.0000010 0.0000000 0.0038168 0.0000010 0.0154615 0.0076972 0.0233169 
5736933    0.0155288 0.0115835 0.0116190 0.0076972 0.0078818 0.0115727 0.0154964 0.0116027 0.0155198 0.0115727 0.0115853 0.0077355 0.0154760 0.0272870 0.0115835 0.0076972 0.0232859 0.0353483 0.0038168 0.0038168 0.0000000 0.0038168 0.0193658 0.0115701 0.0272581 
5736934    0.0116229 0.0077061 0.0077297 0.0038412 0.0039328 0.0076988 0.0115988 0.0077188 0.0116162 0.0076988 0.0077073 0.0038601 0.0115835 0.0233414 0.0077061 0.0038412 0.0193658 0.0313568 0.0000010 0.0000010 0.0038168 0.0000000 0.0154615 0.0076972 0.0233169 
2553       0.0193035 0.0153601 0.0154069 0.0114838 0.0117569 0.0153457 0.0192640 0.0153854 0.0192930 0.0153457 0.0153624 0.0115403 0.0192387 0.0153400 0.0153601 0.0114838 0.0037986 0.0231807 0.0154615 0.0154615 0.0193658 0.0154615 0.0000000 0.0076308 0.0076221 
2554       0.0115333 0.0076477 0.0076699 0.0038119 0.0039021 0.0076407 0.0115095 0.0076602 0.0115266 0.0076407 0.0076489 0.0038305 0.0114945 0.0231599 0.0076477 0.0038119 0.0114689 0.0311106 0.0076972 0.0076972 0.0115701 0.0076972 0.0076308 0.0000000 0.0153423 
2555       0.0271707 0.0231632 0.0232341 0.0192415 0.0197015 0.0231413 0.0271140 0.0232016 0.0271554 0.0231413 0.0231664 0.0193366 0.0270780 0.0231326 0.0231632 0.0192415 0.0037986 0.0310732 0.0233169 0.0233169 0.0272581 0.0233169 0.0076221 0.0153423 0.0000000 
