A4-A4ct-A4cs-A4q	1437265	0.0	0.0038122909916267636	0.004688960744521096	0.023287819723822357	0.004835710367406518	0.005742599079334132	0.0024594252531693664	0.004784734218278174	0.03819339129798495	0.04114363386782796	0.041278065631441596	0.04375202797519722	0.03755256725256949
A4-A4j	1437377	0.0038122909916267636	0.0	0.003583416036486828	0.022184195022147784	0.003731275764258583	0.004637646252923541	0.0013544380874412558	0.003680376144446525	0.03708976659631037	0.040040009166153384	0.04017444092976702	0.04264840327352265	0.03644894255089491
A4-A4a-A4ah	1437416	0.004688960744521096	0.003583416036486828	0.0	0.023061064735050114	0.0031949162121475702	0.002764402501979604	0.0022315160952309536	0.0034581369296146267	0.0379666363092127	0.040916878879055714	0.04105131064266935	0.04352527298642498	0.03732581226379725
A13/A4	1437533	0.023287819723822357	0.022184195022147784	0.023061064735050114	0.0	0.023207759768853354	0.02411470954985902	0.02083039147125287	0.023156658421298465	0.014905571574162583	0.0178558141440056	0.01799024590761924	0.020464208251374863	0.014264747528747125
A4-A4.3-A4a-A4e	1437125	0.004835710367406518	0.003731275764258583	0.0031949162121475702	0.023207759768853354	0.0	0.002064286486212757	0.002378767417776445	0.00033642169556527947	0.03811333134301594	0.041063573912858954	0.041198005676472596	0.04367196802022821	0.03747250729760048
A4-A4a-A4.3-A4s-A4e	1437126	0.005742599079334132	0.004637646252923541	0.002764402501979604	0.02411470954985902	0.002064286486212757	0.0	0.0032857463116676665	0.0023272000649876	0.03902020245846285	0.04197044502830586	0.04210487679191951	0.044578839135675126	0.03837937841304739
A4	1437649	0.0024594252531693664	0.0013544380874412558	0.0022315160952309536	0.02083039147125287	0.002378767417776445	0.0032857463116676665	0.0	0.0023277209245801678	0.03573596304541546	0.03868620561525848	0.03882063737887211	0.04129459972262774	0.035095139000000004
A4/A4.3-A4e-A4a-A4o-A4bg	1437180	0.004784734218278174	0.003680376144446525	0.0034581369296146267	0.023156658421298465	0.00033642169556527947	0.0023272000649876	0.0023277209245801678	0.0	0.03806215078327031	0.04101239335311333	0.04114682511672697	0.0436207874604826	0.03742132673785485
A13-A1pt	1437467	0.03819339129798495	0.03708976659631037	0.0379666363092127	0.014905571574162583	0.03811333134301594	0.03902020245846285	0.03573596304541546	0.03806215078327031	0.0	0.004232399609779022	0.0043669083656934305	0.0068412182746925305	0.0006411246153584642
A13-A1pu	1437471	0.04114363386782796	0.040040009166153384	0.040916878879055714	0.0178558141440056	0.041063573912858954	0.04197044502830586	0.03868620561525848	0.04101239335311333	0.004232399609779022	0.0	0.005528768151214878	0.00260891085569443	0.0035914833735826417
A13-A1py	1437472	0.041278065631441596	0.04017444092976702	0.04105131064266935	0.01799024590761924	0.041198005676472596	0.04210487679191951	0.03882063737887211	0.04114682511672697	0.0043669083656934305	0.005528768151214878	0.0	0.007476755808729127	0.00372606912179782
A13-A1pu-A1pv	1437474	0.04375202797519722	0.04264840327352265	0.04352527298642498	0.020464208251374863	0.04367196802022821	0.044578839135675126	0.04129459972262774	0.0436207874604826	0.0068412182746925305	0.00260891085569443	0.007476755808729127	0.0	0.006200394229277072
A13	1437661	0.03755256725256949	0.03644894255089491	0.03732581226379725	0.014264747528747125	0.03747250729760048	0.03837937841304739	0.035095139000000004	0.03742132673785485	0.0006411246153584642	0.0035914833735826417	0.00372606912179782	0.006200394229277072	0.0
