A4-A4ct-A4cs-A4q	1437265	0	0.42520862187067193	0.4252114957700846	1.0	1.0	1.0	1.0	0.6258156127658085	0.4252114957700846	0.4640133996650084	0.4252057479425206	1.0	0.4252114957700846
A4-A4j	1437377	0.42520862187067193	0	0.2729409058864117	1.0	1.0	1.0	1.0	0.6258137418625814	0.38108928366074507	0.46401071978560426	0.18131409342953286	1.0	0.41180882286765697
A4-A4a-A4ah	1437416	0.4252114957700846	0.2729409058864117	0	1.0	1.0	1.0	1.0	0.6258156127658085	0.2877542449151017	0.22385940351491213	0.2729372706272937	1.0	0.3328833423331533
A13-A1pt	1437467	1.0	1.0	1.0	0	0.03728962710372896	0.03728962710372896	0.04779952200477995	0.3741862581374186	1.0	1.0	1.0	0.03728481357593212	1.0
A13-A1pu	1437471	1.0	1.0	1.0	0.03728962710372896	0	0.03107968920310797	0.02969970300296997	0.3741862581374186	1.0	1.0	1.0	0.018094909525452372	1.0
A13-A1py	1437472	1.0	1.0	1.0	0.03728962710372896	0.03107968920310797	0	0.04779952200477995	0.3741862581374186	1.0	1.0	1.0	0.031074844625776872	1.0
A13-A1pu-A1pv	1437474	1.0	1.0	1.0	0.04779952200477995	0.02969970300296997	0.04779952200477995	0	0.3741862581374186	1.0	1.0	1.0	0.04779476102619487	1.0
A13/A4	1437533	0.6258156127658085	0.6258137418625814	0.6258156127658085	0.3741862581374186	0.3741862581374186	0.3741862581374186	0.3741862581374186	0	0.6258156127658085	0.625817483650327	0.6258118709406453	0.3741831290843546	0.6258156127658085
A4-A4.3-A4a-A4e	1437125	0.4252114957700846	0.38108928366074507	0.2877542449151017	1.0	1.0	1.0	1.0	0.6258156127658085	0	0.22419939501512462	0.3810861891381086	1.0	0.09584808303833924
A4-A4a-A4.3-A4s-A4e	1437126	0.4640133996650084	0.46401071978560426	0.22385940351491213	1.0	1.0	1.0	1.0	0.625817483650327	0.22419939501512462	0	0.4640080398794018	1.0	0.23860903477413065
A4	1437649	0.4252057479425206	0.18131409342953286	0.2729372706272937	1.0	1.0	1.0	1.0	0.6258118709406453	0.3810861891381086	0.4640080398794018	0	1.0	0.41180588194118056
A13	1437661	1.0	1.0	1.0	0.03728481357593212	0.018094909525452372	0.031074844625776872	0.04779476102619487	0.3741831290843546	1.0	1.0	1.0	0	1.0
A4/A4.3-A4e-A4a-A4o-A4bg	1437180	0.4252114957700846	0.41180882286765697	0.3328833423331533	1.0	1.0	1.0	1.0	0.6258156127658085	0.09584808303833924	0.23860903477413065	0.41180588194118056	1.0	0
