A4-A4ct-A4cs-A4q	1437265	0.0	0.0025884533889111087	0.003093724292020798	0.023777671629687032	0.0034381258633934273	0.00412852548586615	0.0018152047762723727	0.0034085332289054415	0.037067993026967304	0.03753274363884612	0.037720893639316064	0.03821533312230701	0.03690895951469853
A4-A4j	1437377	0.0025884533889111087	0.0	0.0020527160335966402	0.022737818855714433	0.002397756366945317	0.003088017752594437	0.000774330504449555	0.0023682931936389725	0.0360281402529947	0.03649289086487351	0.03668104086534346	0.0371754803483344	0.03586910674072593
A4-A4a-A4ah	1437416	0.003093724292020798	0.0020527160335966402	0.0	0.02324314175362464	0.0021040822328887796	0.0014799394184582444	0.0012798365840415958	0.0021977091032286773	0.03653346315090491	0.03699821376278371	0.037186363763253676	0.037680803246244614	0.03637442963863614
A13/A4	1437533	0.023777671629687032	0.022737818855714433	0.02324314175362464	0.0	0.02358746606586324	0.024277937228465805	0.021963851114988504	0.02355786426663817	0.013290321397280272	0.013755072009159085	0.01394322200962904	0.014437661492619977	0.013131287885011498
A4-A4.3-A4a-A4e	1437125	0.0034381258633934273	0.002397756366945317	0.0021040822328887796	0.02358746606586324	0.0	0.0018901341443558475	0.0016245248778966308	0.00011389858620788086	0.036877787463143505	0.03734253807502232	0.03753068807549227	0.03802512755848322	0.03671875395087473
A4-A4a-A4.3-A4s-A4e	1437126	0.00412852548586615	0.003088017752594437	0.0014799394184582444	0.024277937228465805	0.0018901341443558475	0.0	0.002315138303039392	0.001983657697640472	0.03756825862574607	0.03803300923762489	0.03822115923809485	0.03871559872108578	0.0374092251134773
A4	1437649	0.0018152047762723727	0.000774330504449555	0.0012798365840415958	0.021963851114988504	0.0016245248778966308	0.002315138303039392	0.0	0.0015950041534493102	0.035254172512268776	0.03571892312414758	0.035907073124617536	0.036401512607608474	0.035095139000000004
A4/A4.3-A4e-A4a-A4o-A4bg	1437180	0.0034085332289054415	0.0023682931936389725	0.0021977091032286773	0.02355786426663817	0.00011389858620788086	0.001983657697640472	0.0015950041534493102	0.0	0.03684818566391845	0.03731293627579725	0.037501086276267206	0.037995525759258145	0.03668915215164967
A13-A1pt	1437467	0.037067993026967304	0.0360281402529947	0.03653346315090491	0.013290321397280272	0.036877787463143505	0.03756825862574607	0.035254172512268776	0.03684818566391845	0.0	0.0007829284253374662	0.0009711044232076792	0.001465598681564914	0.00015910810480951904
A13-A1pu	1437471	0.03753274363884612	0.03649289086487351	0.03699821376278371	0.013755072009159085	0.03734253807502232	0.03803300923762489	0.03571892312414758	0.03731293627579725	0.0007829284253374662	0.0	0.001125195291760824	0.0006827086523878314	0.0006238565169083092
A13-A1py	1437472	0.037720893639316064	0.03668104086534346	0.037186363763253676	0.01394322200962904	0.03753068807549227	0.03822115923809485	0.035907073124617536	0.037501086276267206	0.0009711044232076792	0.001125195291760824	0.0	0.0015847350720358667	0.0008120585121787821
A13-A1pu-A1pv	1437474	0.03821533312230701	0.0371754803483344	0.037680803246244614	0.014437661492619977	0.03802512755848322	0.03871559872108578	0.036401512607608474	0.037995525759258145	0.001465598681564914	0.0006827086523878314	0.0015847350720358667	0.0	0.0013065651692961409
A13	1437661	0.03690895951469853	0.03586910674072593	0.03637442963863614	0.013131287885011498	0.03671875395087473	0.0374092251134773	0.035095139000000004	0.03668915215164967	0.00015910810480951904	0.0006238565169083092	0.0008120585121787821	0.0013065651692961409	0.0
